  7.293519151212E-01  1.000000000000E-01  2.458499994922E+00  2.093658709365E-11 -1.483955405003E-04  2.999999991615E+01  8.647387637264E-04 -2.438114480401E-02  1.580294884672E+02
  7.587038300586E-01  2.000000000000E-01  2.458499964112E+00  4.793457931824E-11 -3.772666010600E-04  2.999999894542E+01  4.183805817097E-03 -1.746825027810E-01  4.200833604436E+02
  7.880557442342E-01  3.000000000000E-01  2.458499853756E+00  4.658931975283E-11 -7.403951063605E-04  2.999999418353E+01  1.155565286234E-02 -7.369027107665E-01  8.479951697485E+02
  8.174076560606E-01  4.000000000000E-01  2.458499545681E+00  8.102491040308E-12 -1.317398611028E-03  2.999997683054E+01  2.531736168591E-02 -2.469860822984E+00  1.494623174872E+03
  8.467595622940E-01  5.000000000000E-01  2.458498901553E+00  4.108613176628E-10 -2.195626563446E-03  2.999992477184E+01  4.799812111381E-02 -6.843467061071E+00  2.324025568788E+03
  8.761114589040E-01  6.000000000000E-01  2.458497967539E+00  6.390920435013E-10 -3.420048781754E-03  2.999979637869E+01  8.084904126875E-02 -1.544718542963E+01  3.161255996415E+03
  9.054633441907E-01  7.000000000000E-01  2.458497071031E+00  1.359642521690E-10 -4.953005989309E-03  2.999953806670E+01  1.226512207610E-01 -2.845604088579E+01  3.794879842047E+03
  9.348152207959E-01  8.000000000000E-01  2.458496557345E+00  1.283411380400E-12 -6.688706199076E-03  2.999910657218E+01  1.701957164090E-01 -4.401599962594E+01  4.114094989026E+03
  9.641670944329E-01  9.000000000000E-01  2.458496583945E+00  1.267948720905E-12 -8.507141528859E-03  2.999848901329E+01  2.195488586057E-01 -5.910528318242E+01  4.097979013270E+03
  9.935189715925E-01  1.000000000000E+00  2.458497133006E+00  7.731393711786E-14 -1.027511121066E-02  2.999770976714E+01  2.667434143006E-01 -7.053408765390E+01  3.753960829539E+03
  1.022870857701E+00  1.100000000000E+00  2.458498038816E+00  1.333510380849E-10 -1.185005800005E-02  2.999683136462E+01  3.079525940156E-01 -7.539112202366E+01  3.104458875419E+03
  1.052222755104E+00  1.200000000000E+00  2.458498961124E+00  5.866732130273E-10 -1.312387690846E-02  2.999593811976E+01  3.400721934222E-01 -7.322671624181E+01  2.259002047298E+03
  1.081574661944E+00  1.300000000000E+00  2.458499587290E+00  4.567857413760E-10 -1.405439385777E-02  2.999509975306E+01  3.619351759791E-01 -6.686225658978E+01  1.423092106905E+03
  1.110926574158E+00  1.400000000000E+00  2.458499877850E+00  8.597299539939E-12 -1.468287702485E-02  2.999434240567E+01  3.748198877603E-01 -6.018642778384E+01  7.728900542578E+02
  1.140278488538E+00  1.500000000000E+00  2.458499975316E+00  3.083275902377E-11 -1.509558847500E-02  2.999365567513E+01  3.812859652454E-01 -5.517988299224E+01  3.445291345293E+02
  1.169630403555E+00  1.600000000000E+00  2.458499997954E+00  5.942341542716E-11 -1.537333687851E-02  2.999301752612E+01  3.837335895405E-01 -5.197707051904E+01  8.798545998360E+01
  1.198982318683E+00  1.700000000000E+00  2.458499998811E+00  1.040644247472E-11 -1.557218302861E-02  2.999240959038E+01  3.838079269420E-01 -5.003997562879E+01 -6.103656571606E+01
  1.228334233787E+00  1.800000000000E+00  2.458499995316E+00  4.360500416449E-12 -1.572562135368E-02  2.999181947855E+01  3.825333529966E-01 -4.890988501435E+01 -1.449947975486E+02
  1.257686148851E+00  1.900000000000E+00  2.458499992505E+00  4.439360536422E-11 -1.585429087114E-02  2.999123952573E+01  3.805203545963E-01 -4.831178159575E+01 -1.868367341158E+02
  1.287038063888E+00  2.000000000000E+00  2.458499990801E+00  0.000000000000E+00 -1.597034514164E-02  2.999066495316E+01  3.781435621975E-01 -4.798077029236E+01 -2.081367851665E+02
  1.316389978913E+00  2.100000000000E+00  2.458499990541E+00  9.277660485372E-13 -1.608133513508E-02  2.999009290978E+01  3.756246021534E-01 -4.788038589396E+01 -2.112057379377E+02
  1.345741893943E+00  2.200000000000E+00  2.458499991400E+00  1.237021397886E-13 -1.619353618433E-02  2.998952102844E+01  3.731515156125E-01 -4.794716768530E+01 -2.009371183475E+02
  1.375093808987E+00  2.300000000000E+00  2.458499993057E+00  7.112873034099E-13 -1.631164101719E-02  2.998894748776E+01  3.708703937500E-01 -4.815306025170E+01 -1.794764794833E+02
  1.404445724055E+00  2.400000000000E+00  2.458499995209E+00  1.082393721728E-13 -1.643985612235E-02  2.998837066881E+01  3.689118131509E-01 -4.849580460360E+01 -1.469599813471E+02
  1.433797639149E+00  2.500000000000E+00  2.458499997354E+00  8.195266742957E-13 -1.658202162979E-02  2.998778905034E+01  3.673973276826E-01 -4.895960617740E+01 -1.049084492120E+02
  1.463149554266E+00  2.600000000000E+00  2.458499999019E+00  5.087250483563E-12 -1.674208671674E-02  2.998720110279E+01  3.664458928767E-01 -4.955839287522E+01 -5.252092113812E+01
  1.492501469397E+00  2.700000000000E+00  2.458499999527E+00  6.030479293773E-13 -1.692495139317E-02  2.998660492040E+01  3.662023171210E-01 -5.033971263699E+01  1.354816212291E+01
  1.521853384522E+00  2.800000000000E+00  2.458499997708E+00  6.030479295087E-13 -1.713641091847E-02  2.998599823577E+01  3.668306253009E-01 -5.133791127083E+01  9.500977917302E+01
  1.551205299603E+00  2.900000000000E+00  2.458499991801E+00  7.824160327879E-12 -1.738292080483E-02  2.998537805081E+01  3.685383557473E-01 -5.261074530383E+01  1.947759993054E+02
  1.580557214573E+00  3.000000000000E+00  2.458499978383E+00  3.092553500987E-13 -1.767344774513E-02  2.998474028463E+01  3.715944855290E-01 -5.430577181671E+01  3.220803823552E+02
  1.609909129310E+00  3.100000000000E+00  2.458499951534E+00  1.546276762740E-14 -1.802039622279E-02  2.998407900242E+01  3.763724930650E-01 -5.658904252847E+01  4.852818143645E+02
  1.639261043596E+00  3.200000000000E+00  2.458499900329E+00  4.623367591614E-12 -1.844006003552E-02  2.998338566919E+01  3.833751044134E-01 -5.973674104430E+01  6.977870546858E+02
  1.668612957026E+00  3.300000000000E+00  2.458499803390E+00  5.891314728451E-12 -1.895551827386E-02  2.998264732987E+01  3.933164589986E-01 -6.422033087795E+01  9.813265253366E+02
  1.697964868840E+00  3.400000000000E+00  2.458499619965E+00  2.418377097843E-11 -1.959959235862E-02  2.998184404851E+01  4.072029763324E-01 -7.078346368194E+01  1.365290926757E+03
  1.727316777561E+00  3.500000000000E+00  2.458499265965E+00  6.401587109837E-11 -2.042044429675E-02  2.998094373026E+01  4.265047534737E-01 -8.076621410889E+01  1.898192418016E+03
  1.756668680221E+00  3.600000000000E+00  2.458498561371E+00  1.814865783159E-10 -2.149046534898E-02  2.997989248313E+01  4.534223881121E-01 -9.662809429829E+01  2.657975577133E+03
  1.786020570541E+00  3.700000000000E+00  2.458497100139E+00  5.303579080422E-10 -2.292101827458E-02  2.997859476793E+01  4.913752199176E-01 -1.231539186654E+02  3.774115967169E+03
  1.815372434533E+00  3.800000000000E+00  2.458493906469E+00  1.486098240409E-09 -2.489062088400E-02  2.997687170854E+01  5.458284581825E-01 -1.702446217972E+02  5.471160802512E+03
  1.844724239133E+00  3.900000000000E+00  2.458486521231E+00  5.520924583805E-09 -2.769411384515E-02  2.997436617729E+01  6.258155298334E-01 -2.595380917726E+02  8.136898073307E+03
  1.874075901440E+00  4.000000000000E+00  2.458468371113E+00  1.541060508031E-08 -3.183093114766E-02  2.997031522901E+01  7.466520907950E-01 -4.418139931688E+02  1.246301938992E+04
  1.903427203508E+00  4.100000000000E+00  2.458421533749E+00  3.729538132705E-08 -3.816981883215E-02  2.996297883227E+01  9.345831373578E-01 -8.416716409879E+02  1.962430386382E+04
  1.932777564531E+00  4.200000000000E+00  2.458299145344E+00  4.329531970429E-08 -4.818830543954E-02  2.994818769927E+01  1.233473838848E+00 -1.768467201595E+03  3.137594972513E+04
  1.962125537881E+00  4.300000000000E+00  2.457999940322E+00 -3.548713171351E-08 -6.414422628038E-02  2.991592982871E+01  1.709212180277E+00 -3.934520067669E+03  4.942745589267E+04
  1.991468212364E+00  4.400000000000E+00  2.457395037137E+00  1.127583620897E-07 -8.870652827704E-02  2.984426126761E+01  2.437282162906E+00 -8.621171546505E+03  7.319551855832E+04
  2.020801772668E+00  4.500000000000E+00  2.456498654718E+00  2.129160702009E-07 -1.235725878149E-01  2.969448834125E+01  3.460278989584E+00 -1.717634872922E+04  9.768132299539E+04
  2.050124217380E+00  4.600000000000E+00  2.455594706311E+00 -3.609980905984E-07 -1.680711705817E-01  2.941815026108E+01  4.743572697061E+00 -2.966752519808E+04  1.157442507122E+05
  2.079437576873E+00  4.700000000000E+00  2.455022199685E+00 -4.256249957243E-07 -2.193017128819E-01  2.897756552743E+01  6.180359080911E+00 -4.425517882681E+04  1.230027269232E+05
  2.108747008698E+00  4.800000000000E+00  2.454948549579E+00 -2.498652306870E-07 -2.733827669061E-01  2.836486766768E+01  7.634327124160E+00 -5.797058487375E+04  1.186978772302E+05
  2.138058589719E+00  4.900000000000E+00  2.455370045347E+00 -3.929867631382E-08 -3.262923574675E-01  2.760934168487E+01  8.972743451223E+00 -6.769649088077E+04  1.039099398652E+05
  2.167377519973E+00  5.000000000000E+00  2.456142694079E+00  3.105147595799E-07 -3.740509281567E-01  2.677406406812E+01  1.008218314479E+01 -7.106677987918E+04  8.083795462357E+04
  2.196706394689E+00  5.100000000000E+00  2.456980382271E+00  8.000269882686E-07 -4.132341751065E-01  2.593928536035E+01  1.088590797408E+01 -6.782174802476E+04  5.357168334068E+04
  2.226044128585E+00  5.200000000000E+00  2.457592930242E+00  5.815760484274E-07 -4.421624404181E-01  2.517041637537E+01  1.136814047471E+01 -6.065018611293E+04  2.794536561520E+04
  2.255387349017E+00  5.300000000000E+00  2.457908098337E+00  7.476857826159E-08 -4.616272162300E-01  2.449148366581E+01  1.157814308307E+01 -5.328651820525E+04  8.410555017596E+03
  2.284733063170E+00  5.400000000000E+00  2.458032337998E+00  5.149451866400E-08 -4.740352415987E-01  2.389040556829E+01  1.159639211086E+01 -4.775620183565E+04 -4.334565981718E+03
  2.314079688698E+00  5.500000000000E+00  2.458073854982E+00  5.224539602708E-08 -4.818677705471E-01  2.334332047933E+01  1.149483983874E+01 -4.417290114239E+04 -1.200432750341E+04
  2.343426604719E+00  5.600000000000E+00  2.458086222636E+00  2.320128801785E-08 -4.869160116484E-01  2.283018030502E+01  1.132215404255E+01 -4.196828439390E+04 -1.652919325673E+04
  2.372773602164E+00  5.700000000000E+00  2.458089257110E+00  8.329471980500E-09 -4.902839261422E-01  2.233784911272E+01  1.110729934902E+01 -4.061477815623E+04 -1.923731119520E+04
  2.402120615770E+00  5.800000000000E+00  2.458089492865E+00  2.505665077075E-09 -4.926141258408E-01  2.185840335954E+01  1.086687285814E+01 -3.976526765271E+04 -2.090930875032E+04
  2.431467626747E+00  5.900000000000E+00  2.458088991297E+00  7.691692513524E-10 -4.942841071030E-01  2.138715914694E+01  1.061039391751E+01 -3.921549540332E+04 -2.197922953846E+04
  2.460814630797E+00  6.000000000000E+00  2.458088383935E+00  2.536472880201E-10 -4.955204836519E-01  2.092129726412E+01  1.034348237713E+01 -3.884914900734E+04 -2.268636529035E+04
  2.490161627950E+00  6.100000000000E+00  2.458087848291E+00  8.083742979386E-11 -4.964630708097E-01  2.045906851915E+01  1.006957994293E+01 -3.859813829481E+04 -2.316774918637E+04
  2.519508619345E+00  6.200000000000E+00  2.458087420582E+00  2.882743422575E-11 -4.972018922477E-01  1.999935792681E+01  9.790861647110E+00 -3.842228944398E+04 -2.350300523141E+04
  2.548855606274E+00  6.300000000000E+00  2.458087097848E+00  2.154325213974E-11 -4.977977113983E-01  1.954142068769E+01  9.508772575927E+00 -3.829783077119E+04 -2.373871004906E+04
  2.578202589899E+00  6.400000000000E+00  2.458086865416E+00  3.866341451004E-12 -4.982930308115E-01  1.908474677024E+01  9.224301093513E+00 -3.820881690941E+04 -2.390563087995E+04
  2.607549571251E+00  6.500000000000E+00  2.458086716359E+00  6.650107810577E-13 -4.987197246116E-01  1.862896755771E+01  8.938164794123E+00 -3.814679481885E+04 -2.401973588682E+04
  2.636896551320E+00  6.600000000000E+00  2.458086651846E+00  2.938419858788E-13 -4.991049309775E-01  1.817379302178E+01  8.650936167301E+00 -3.810716443857E+04 -2.408914363582E+04
  2.666243531200E+00  6.700000000000E+00  2.458086688764E+00  1.964101707739E-12 -4.994759354736E-01  1.771896095507E+01  8.363146145523E+00 -3.808962101360E+04 -2.411311047171E+04
  2.695590512292E+00  6.800000000000E+00  2.458086862617E+00  3.649826644748E-12 -4.998661473971E-01  1.726419191496E+01  8.075380121130E+00 -3.809745855221E+04 -2.408298751108E+04
  2.724937496553E+00  6.900000000000E+00  2.458087230940E+00  6.820226171739E-12 -5.003220702331E-01  1.680914370117E+01  7.788379850161E+00 -3.813800380604E+04 -2.398100422807E+04
  2.754284486691E+00  7.000000000000E+00  2.458087853962E+00  1.067110003664E-12 -5.009104621219E-01  1.635336999815E+01  7.503137765761E+00 -3.822009850327E+04 -2.378564866864E+04
  2.783631485810E+00  7.100000000000E+00  2.458088722009E+00  4.737039044679E-11 -5.017169060065E-01  1.589635833924E+01  7.220816680663E+00 -3.834353778106E+04 -2.349550296313E+04
  2.812978496005E+00  7.200000000000E+00  2.458089669093E+00  1.896206784455E-10 -5.028180283151E-01  1.543773996125E+01  6.942278269422E+00 -3.848269558296E+04 -2.316660699127E+04
  2.842325516659E+00  7.300000000000E+00  2.458090433327E+00  1.155725328286E-10 -5.042353511111E-01  1.497759811487E+01  6.667377146783E+00 -3.859069910023E+04 -2.290437489264E+04
  2.871672544420E+00  7.400000000000E+00  2.458090845326E+00  3.201325906825E-12 -5.059253482496E-01  1.451655273176E+01  6.394756676728E+00 -3.863034076275E+04 -2.279306375726E+04
  2.901019574790E+00  7.500000000000E+00  2.458090870590E+00  2.644573340050E-12 -5.077800377442E-01  1.405549292482E+01  6.122441485749E+00 -3.859348038447E+04 -2.285270342092E+04
  2.930366603189E+00  7.600000000000E+00  2.458090516378E+00  1.187738281641E-11 -5.096600753606E-01  1.359530049985E+01  5.848452927911E+00 -3.848674765459E+04 -2.306977260293E+04
  2.959713625140E+00  7.700000000000E+00  2.458089791980E+00  1.756863260961E-11 -5.114343635323E-01  1.313673735277E+01  5.571064973604E+00 -3.832301681157E+04 -2.341691289984E+04
  2.989060636367E+00  7.800000000000E+00  2.458088733763E+00  7.304285399002E-11 -5.129818068387E-01  1.268037845787E+01  5.288949451210E+00 -3.812194756951E+04 -2.385214747417E+04
  3.018407633644E+00  7.900000000000E+00  2.458087491537E+00  1.125104838874E-10 -5.142171082149E-01  1.222648251473E+01  5.001460707563E+00 -3.791676760211E+04 -2.430295410452E+04
  3.047754616304E+00  8.000000000000E+00  2.458086331182E+00  2.381666412056E-11 -5.151238632464E-01  1.177487084550E+01  4.708925446903E+00 -3.774448363537E+04 -2.468548781034E+04
  3.077101586685E+00  8.100000000000E+00  2.458085451879E+00  3.680758722471E-12 -5.157538942453E-01  1.132501848583E+01  4.412471990331E+00 -3.762261817053E+04 -2.495757921978E+04
  3.106448548430E+00  8.200000000000E+00  2.458084878377E+00  1.585201176742E-11 -5.161872296344E-01  1.087634376598E+01  4.113389617030E+00 -3.754511772373E+04 -2.513017561605E+04
  3.135795504782E+00  8.300000000000E+00  2.458084530233E+00  2.230107821447E-11 -5.164938478824E-01  1.042840195364E+01  3.812683353884E+00 -3.749701740217E+04 -2.523582408354E+04
  3.165142457797E+00  8.400000000000E+00  2.458084313692E+00  1.748670735411E-10 -5.167106734225E-01  9.980953230467E+00  3.510919010566E+00 -3.746235600025E+04 -2.530829099595E+04
  3.194489409030E+00  8.500000000000E+00  2.458084221314E+00  9.433883552903E-13 -5.168728298387E-01  9.533794267867E+00  3.208552458381E+00 -3.744644638359E+04 -2.534078744833E+04
  3.223836359539E+00  8.600000000000E+00  2.458084187060E+00  4.020999646490E-13 -5.170149409890E-01  9.086788966351E+00  2.905888453835E+00 -3.743602309949E+04 -2.535950367482E+04
  3.253183309870E+00  8.700000000000E+00  2.458084189569E+00  1.701192168435E-13 -5.171491310733E-01  8.639889089879E+00  2.603051571915E+00 -3.742849162340E+04 -2.537037511286E+04
  3.282530260403E+00  8.800000000000E+00  2.458084220119E+00  4.639614972838E-14 -5.172836164053E-01  8.193069164696E+00  2.300116335263E+00 -3.742245365323E+04 -2.537632152085E+04
  3.311877211449E+00  8.900000000000E+00  2.458084274811E+00  3.093076594470E-14 -5.174248773796E-01  7.746316939746E+00  1.997130969538E+00 -3.741701656189E+04 -2.537904111420E+04
  3.341224163276E+00  9.000000000000E+00  2.458084350410E+00  4.639614768353E-14 -5.175783517528E-01  7.299629502029E+00  1.694125655610E+00 -3.741150106079E+04 -2.537984996722E+04
  3.370571116120E+00  9.100000000000E+00  2.458084445946E+00  0.000000000000E+00 -5.177488868872E-01  6.853011187977E+00  1.391117064651E+00 -3.740536810043E+04 -2.537963683271E+04
  3.399918070259E+00  9.200000000000E+00  2.458084567827E+00  4.639614402865E-14 -5.179418673970E-01  6.406471616319E+00  1.088117710990E+00 -3.739822808629E+04 -2.537835448974E+04
  3.429265026027E+00  9.300000000000E+00  2.458084719884E+00  7.732690241881E-14 -5.181636953876E-01  5.960026090375E+00  7.851376739426E-01 -3.738951634826E+04 -2.537646289980E+04
  3.458611983813E+00  9.400000000000E+00  2.458084907875E+00  3.093075884177E-14 -5.184219492783E-01  5.513697137518E+00  4.821812486038E-01 -3.737858521830E+04 -2.537435659222E+04
  3.487958944136E+00  9.500000000000E+00  2.458085146738E+00  1.546537808389E-14 -5.187265587785E-01  5.067515891388E+00  1.792530165700E-01 -3.736459632867E+04 -2.537182012345E+04
  3.517305907689E+00  9.600000000000E+00  2.458085452766E+00  3.093075276275E-14 -5.190908088314E-01  4.621525868252E+00 -1.236438219957E-01 -3.734630750580E+04 -2.536909819916E+04
  3.546652875423E+00  9.700000000000E+00  2.458085852586E+00  9.279224507009E-14 -5.195328349704E-01  4.175788525992E+00 -4.265075663381E-01 -3.732189392297E+04 -2.536628624098E+04
  3.575999848668E+00  9.800000000000E+00  2.458086383262E+00  2.165151978362E-13 -5.200781670957E-01  3.730392392579E+00 -7.293392478839E-01 -3.728857963180E+04 -2.536385572072E+04
  3.605346829317E+00  9.900000000000E+00  2.458087105712E+00  6.031493275081E-13 -5.207634498209E-01  3.285467735075E+00 -1.032146421866E+00 -3.724199466544E+04 -2.536228491530E+04
  3.634693820171E+00  1.000000000000E+01  2.458088111433E+00  1.592932285413E-12 -5.216427559684E-01  2.841211791239E+00 -1.334946372091E+00 -3.717507452686E+04 -2.536298866338E+04
  3.664040825419E+00  1.010000000000E+01  2.458089548995E+00  4.933448056456E-12 -5.227984106567E-01  2.397931082872E+00 -1.637780429977E+00 -3.707608049137E+04 -2.536856925251E+04
  3.693387851572E+00  1.020000000000E+01  2.458091666587E+00  1.608395712815E-11 -5.243590410354E-01  1.956118607200E+00 -1.940733955241E+00 -3.692467684422E+04 -2.538420425688E+04
  3.722734909069E+00  1.030000000000E+01  2.458094890821E+00  5.321618977683E-11 -5.265332808388E-01  1.516596577873E+00 -2.243981999315E+00 -3.668432426479E+04 -2.542044477970E+04
  3.752082015030E+00  1.040000000000E+01  2.458099941790E+00  1.973836409347E-10 -5.296702533490E-01  1.080783314768E+00 -2.547889731336E+00 -3.628844866901E+04 -2.550011044484E+04
  3.781429197914E+00  1.050000000000E+01  2.458108027946E+00  6.834253399511E-10 -5.343614280029E-01  6.511986447772E-01 -2.853227888352E+00 -3.561357255643E+04 -2.567153031522E+04
  3.810776504175E+00  1.060000000000E+01  2.458120951275E+00  1.963028231018E-09 -5.416085511597E-01  2.323750389324E-01 -3.161622475359E+00 -3.443820390636E+04 -2.603517572564E+04
  3.840124003326E+00  1.070000000000E+01  2.458140567398E+00  3.763554378516E-09 -5.530236434318E-01 -1.677322688378E-01 -3.476383826844E+00 -3.240912202393E+04 -2.677744639266E+04
  3.869471776832E+00  1.080000000000E+01  2.458166436376E+00  2.520307365027E-09 -5.708375862836E-01 -5.363792399829E-01 -3.803579728344E+00 -2.910520996096E+04 -2.816185559232E+04
  3.898819868226E+00  1.090000000000E+01  2.458192220514E+00  3.658488024916E-09 -5.973358686785E-01 -8.567313158414E-01 -4.152138264438E+00 -2.432589344629E+04 -3.035935992771E+04
  3.928168213549E+00  1.100000000000E+01  2.458207335733E+00  1.347040453060E-08 -6.336383541164E-01 -1.112692493498E+00 -4.530976419947E+00 -1.842805192060E+04 -3.315925605102E+04
  3.957516644242E+00  1.110000000000E+01  2.458206540777E+00  9.966086248829E-09 -6.787448095186E-01 -1.295608957612E+00 -4.943924318502E+00 -1.224178713230E+04 -3.596078148785E+04
  3.986864991822E+00  1.120000000000E+01  2.458194896675E+00  2.202815255933E-09 -7.297868851605E-01 -1.407385625688E+00 -5.387194254335E+00 -6.647207453747E+03 -3.815889408163E+04
  4.016213185547E+00  1.130000000000E+01  2.458182505047E+00 -6.183262247452E-10 -7.829967373997E-01 -1.459734589173E+00 -5.851378239208E+00 -2.408865431859E+03 -3.943863285757E+04
  4.045561272727E+00  1.140000000000E+01  2.458178172487E+00 -3.984377949117E-09 -8.344145225308E-01 -1.473182031780E+00 -6.325142496855E+00 -2.433551432585E+02 -3.978000767466E+04
  4.074909374663E+00  1.150000000000E+01  2.458184716182E+00 -4.156993781008E-09 -8.802360192726E-01 -1.476001721438E+00 -6.798227585173E+00 -6.742988655514E+02 -3.936853769603E+04
  4.104257592300E+00  1.160000000000E+01  2.458195832935E+00  2.069593391988E-08 -9.174461816842E-01 -1.499099009531E+00 -7.263407801958E+00 -3.522965730889E+03 -3.851329658242E+04
  4.133605917930E+00  1.170000000000E+01  2.458201485652E+00  3.150928833709E-08 -9.448220958402E-01 -1.565119597301E+00 -7.717422764557E+00 -7.614140520912E+03 -3.754895219792E+04
  4.162954260152E+00  1.180000000000E+01  2.458198976187E+00  6.715508745259E-09 -9.633132140133E-01 -1.679924716985E+00 -8.160549708611E+00 -1.149357465153E+04 -3.671696080490E+04
  4.192302544723E+00  1.190000000000E+01  2.458192704529E+00  1.028401237153E-11 -9.751754971050E-01 -1.835561619508E+00 -8.595045358349E+00 -1.440128496591E+04 -3.610643139543E+04
  4.221650753229E+00  1.200000000000E+01  2.458186654547E+00  1.132249499641E-09 -9.826940611037E-01 -2.019849665775E+00 -9.023498083785E+00 -1.632752802874E+04 -3.569632196452E+04
  4.250998898216E+00  1.210000000000E+01  2.458182116429E+00  8.128583897376E-10 -9.875426255912E-01 -2.222623084469E+00 -9.447966280291E+00 -1.754679216036E+04 -3.542932171945E+04
  4.280346997880E+00  1.220000000000E+01  2.458179001199E+00  3.755775910484E-10 -9.907730742752E-01 -2.437057648763E+00 -9.869842889764E+00 -1.831716216705E+04 -3.525512688664E+04
  4.309695066846E+00  1.230000000000E+01  2.458176907007E+00  1.294093950924E-10 -9.930040777968E-01 -2.658925544187E+00 -1.029001299402E+01 -1.881488850450E+04 -3.513884154645E+04
  4.339043115142E+00  1.240000000000E+01  2.458175490232E+00  4.537373716822E-11 -9.945983816820E-01 -2.885661990211E+00 -1.070902839014E+01 -1.914607951953E+04 -3.505896784694E+04
  4.368391149353E+00  1.250000000000E+01  2.458174515869E+00  2.021250952268E-11 -9.957738876299E-01 -3.115681697699E+00 -1.112724090272E+01 -1.937286485124E+04 -3.500265717910E+04
  4.397739173769E+00  1.260000000000E+01  2.458173829393E+00  4.902347097974E-12 -9.966641324781E-01 -3.347985770797E+00 -1.154487807926E+01 -1.953355783941E+04 -3.496153561495E+04
  4.427087191219E+00  1.270000000000E+01  2.458173336392E+00  1.747524774661E-12 -9.973540639139E-01 -3.581927135838E+00 -1.196209084222E+01 -1.964994036990E+04 -3.493096713175E+04
  4.456435203620E+00  1.280000000000E+01  2.458172974738E+00  1.128932128321E-12 -9.978999209821E-01 -3.817066127486E+00 -1.237898553233E+01 -1.973630617221E+04 -3.490771914885E+04
  4.485783212273E+00  1.290000000000E+01  2.458172703690E+00  4.020854669078E-13 -9.983392950378E-01 -4.053107730833E+00 -1.279563392925E+01 -1.980214668405E+04 -3.488951406141E+04
  4.515131218109E+00  1.300000000000E+01  2.458172500832E+00  1.639271676259E-12 -9.987105218488E-01 -4.289830191715E+00 -1.321209443501E+01 -1.985065829941E+04 -3.487623670090E+04
  4.544479221875E+00  1.310000000000E+01  2.458172352940E+00  2.474372516097E-13 -9.990332281602E-01 -4.527050528383E+00 -1.362841755081E+01 -1.988653115242E+04 -3.486622275479E+04
  4.573827224092E+00  1.320000000000E+01  2.458172240312E+00  1.237186323307E-13 -9.993096884464E-01 -4.764644799775E+00 -1.404463655254E+01 -1.991353456838E+04 -3.485875028136E+04
  4.603175225145E+00  1.330000000000E+01  2.458172156069E+00  4.330152303453E-13 -9.995502907020E-01 -5.002516828462E+00 -1.446077904463E+01 -1.993359129638E+04 -3.485322706523E+04
  4.632523225330E+00  1.340000000000E+01  2.458172093635E+00  5.103393937193E-13 -9.997633100390E-01 -5.240591674066E+00 -1.487686678657E+01 -1.994771604209E+04 -3.484954903232E+04
  4.661871224856E+00  1.350000000000E+01  2.458172045119E+00 -1.546483045974E-14 -9.999548417284E-01 -5.478813535765E+00 -1.529291683468E+01 -1.995833015634E+04 -3.484689400324E+04
  4.691219223883E+00  1.360000000000E+01  2.458172010389E+00  4.639449216804E-14 -1.000129254421E+00 -5.717140475985E+00 -1.570894190231E+01 -1.996529906495E+04 -3.484535183502E+04
  4.720567222571E+00  1.370000000000E+01  2.458171987482E+00  0.000000000000E+00 -1.000290655065E+00 -5.955527952621E+00 -1.612495620712E+01 -1.996851312076E+04 -3.484512611755E+04
  4.749915221063E+00  1.380000000000E+01  2.458171978085E+00  3.711559441030E-13 -1.000442922761E+00 -6.193930824118E+00 -1.654097546978E+01 -1.996798522596E+04 -3.484609152760E+04
  4.779263219472E+00  1.390000000000E+01  2.458171973239E+00  1.732061077423E-12 -1.000588682610E+00 -6.432316124843E+00 -1.695701070895E+01 -1.996535316974E+04 -3.484794151378E+04
  4.808611217922E+00  1.400000000000E+01  2.458171984243E+00  2.397048809141E-12 -1.000730981790E+00 -6.670635542320E+00 -1.737308078478E+01 -1.995720859698E+04 -3.485183031561E+04
  4.837959216548E+00  1.410000000000E+01  2.458172003767E+00  3.092966186768E-14 -1.000872969727E+00 -6.908843021861E+00 -1.778920252626E+01 -1.994615082839E+04 -3.485678320857E+04
  4.867307215469E+00  1.420000000000E+01  2.458172033049E+00  6.185932311412E-14 -1.001017038603E+00 -7.146890600314E+00 -1.820539497697E+01 -1.993085419979E+04 -3.486346739697E+04
  4.896655214803E+00  1.430000000000E+01  2.458172073842E+00  1.546483056125E-14 -1.001166014911E+00 -7.384732029060E+00 -1.862167619825E+01 -1.991090644995E+04 -3.487198817704E+04
  4.926003214707E+00  1.440000000000E+01  2.458172128397E+00  9.278898156376E-14 -1.001323011521E+00 -7.622297878022E+00 -1.903807453899E+01 -1.988497200033E+04 -3.488293895939E+04
  4.955351215343E+00  1.450000000000E+01  2.458172196320E+00  1.391834688701E-13 -1.001491144090E+00 -7.859519070368E+00 -1.945461769023E+01 -1.985314422115E+04 -3.489627880185E+04
  4.984699216862E+00  1.460000000000E+01  2.458172276526E+00  1.546482940975E-14 -1.001673124302E+00 -8.096328498745E+00 -1.987133296131E+01 -1.981596298116E+04 -3.491175875451E+04
  5.014047219428E+00  1.470000000000E+01  2.458172373802E+00  3.031106456125E-12 -1.001871211177E+00 -8.332662722501E+00 -2.028824418531E+01 -1.977309237515E+04 -3.492921219967E+04
  5.043395223306E+00  1.480000000000E+01  2.458172495488E+00  2.672167658876E-10 -1.002090360879E+00 -8.568416951686E+00 -2.070539134148E+01 -1.972330706551E+04 -3.494879105912E+04
  5.072743228811E+00  1.490000000000E+01  2.458172647459E+00  3.834039986530E-10 -1.002322055143E+00 -8.803528422259E+00 -2.112278668377E+01 -1.965318424497E+04 -3.497759428364E+04
  5.102091236304E+00  1.500000000000E+01  2.458172830529E+00  6.959171817670E-13 -1.002575300305E+00 -9.037620468926E+00 -2.154061493414E+01 -1.955776420038E+04 -3.501818918658E+04
  5.131439246219E+00  1.510000000000E+01  2.458173053902E+00  2.783668497297E-12 -1.002877193222E+00 -9.270426348304E+00 -2.195899118830E+01 -1.943678487586E+04 -3.506982934229E+04
  5.160787259098E+00  1.520000000000E+01  2.458173329174E+00  1.809384340561E-12 -1.003240998709E+00 -9.501590519791E+00 -2.237806914607E+01 -1.928083653505E+04 -3.513655574328E+04
  5.190135275644E+00  1.530000000000E+01  2.458173671074E+00  2.505301081586E-12 -1.003685048837E+00 -9.730617875456E+00 -2.279806222716E+01 -1.907594539746E+04 -3.522436109822E+04
  5.219483296743E+00  1.540000000000E+01  2.458174095023E+00  1.312963140896E-11 -1.004234853150E+00 -9.956811341442E+00 -2.321927060125E+01 -1.880178233963E+04 -3.534198648611E+04
  5.248831323492E+00  1.550000000000E+01  2.458174620082E+00  3.086777296475E-11 -1.004927597898E+00 -1.017915683847E+01 -2.364212977158E+01 -1.842436367564E+04 -3.550386577735E+04
  5.278179357127E+00  1.560000000000E+01  2.458175245803E+00  1.023306642214E-10 -1.005817840570E+00 -1.039614061850E+01 -2.406728775356E+01 -1.789306903666E+04 -3.573154759121E+04
  5.307527398638E+00  1.570000000000E+01  2.458175923023E+00  2.456894100337E-10 -1.006988011461E+00 -1.060546152903E+01 -2.449572600399E+01 -1.712251736333E+04 -3.606099545624E+04
  5.336875447606E+00  1.580000000000E+01  2.458176433360E+00  8.438061228117E-10 -1.008567411415E+00 -1.080349075626E+01 -2.492898222052E+01 -1.597035757612E+04 -3.655153626894E+04
  5.366223498519E+00  1.590000000000E+01  2.458176048113E+00  2.452300266696E-09 -1.010763830122E+00 -1.098431191189E+01 -2.536953873373E+01 -1.418559964218E+04 -3.730590113963E+04
  5.395571529502E+00  1.600000000000E+01  2.458172470334E+00  7.801426406099E-09 -1.013923289298E+00 -1.113797865372E+01 -2.582150378038E+01 -1.132274224889E+04 -3.850126963084E+04
  5.424919467851E+00  1.610000000000E+01  2.458158613758E+00  2.433553886969E-08 -1.018637726490E+00 -1.124731097721E+01 -2.629179204428E+01 -6.584377547961E+03 -4.043915585223E+04
  5.454267086006E+00  1.620000000000E+01  2.458113199742E+00  5.535168268786E-08 -1.025921338257E+00 -1.128239905759E+01 -2.679190804011E+01  1.402101646400E+03 -4.358886635056E+04
  5.483613711858E+00  1.630000000000E+01  2.457977962339E+00  4.151913650924E-08 -1.037462272239E+00 -1.119275747513E+01 -2.733964499716E+01  1.468686282918E+04 -4.848810929693E+04
  5.512957604029E+00  1.640000000000E+01  2.457629917898E+00 -5.489196353895E-08 -1.055713173364E+00 -1.090248890785E+01 -2.795689834959E+01  3.521231588462E+04 -5.511565475314E+04
  5.542295337955E+00  1.650000000000E+01  2.456932237706E+00  1.626191438169E-07 -1.083232711854E+00 -1.032438013180E+01 -2.865583241830E+01  6.246792530872E+04 -6.167833918812E+04
  5.571622789508E+00  1.660000000000E+01  2.455943600250E+00  6.471587587179E-08 -1.121146485814E+00 -9.402916744735E+00 -2.941475484045E+01  9.165105054602E+04 -6.452601609577E+04
  5.600938303546E+00  1.670000000000E+01  2.454999860428E+00 -4.177852292345E-07 -1.168063086077E+00 -8.154849265342E+00 -3.016995983631E+01  1.161860152890E+05 -6.081877234410E+04
  5.630244663071E+00  1.680000000000E+01  2.454456444241E+00 -4.010077992889E-07 -1.220673138677E+00 -6.665744893987E+00 -3.084116971757E+01  1.315036361876E+05 -5.072204544644E+04
  5.659547902287E+00  1.690000000000E+01  2.454491909990E+00 -2.303568619116E-07 -1.275000559371E+00 -5.060282298578E+00 -3.136537619939E+01  1.354421083380E+05 -3.670468744732E+04
  5.688855140344E+00  1.700000000000E+01  2.455113570058E+00 -8.339455741241E-09 -1.326987741655E+00 -3.480794430218E+00 -3.171504009239E+01  1.270987555448E+05 -2.203629340529E+04
  5.718172514825E+00  1.710000000000E+01  2.456140670300E+00  4.393036040621E-07 -1.372688243765E+00 -2.071912542310E+00 -3.190143043111E+01  1.072353919389E+05 -9.796778296064E+03
  5.747502717776E+00  1.720000000000E+01  2.457190343302E+00  1.009953544173E-06 -1.408967521071E+00 -9.493290029924E-01 -3.196631253018E+01  8.021745034239E+04 -1.823365893709E+03
  5.776843724256E+00  1.730000000000E+01  2.457915485239E+00  5.796165977890E-07 -1.434805981546E+00 -1.547034408022E-01 -3.196119999645E+01  5.356847587160E+04  2.125662759977E+03
  5.806191100777E+00  1.740000000000E+01  2.458274917222E+00  4.675361841816E-08 -1.451682284043E+00  3.551894856967E-01 -3.192519428102E+01  3.307357904336E+04  3.634452373891E+03
  5.835541320419E+00  1.750000000000E+01  2.458418080366E+00  5.924170152835E-08 -1.462273262139E+00  6.636447429147E-01 -3.187844340791E+01  1.965704757617E+04  4.097664842954E+03
  5.864892616381E+00  1.760000000000E+01  2.458469612056E+00  5.164428948418E-08 -1.468956806223E+00  8.454662033404E-01 -3.182868971333E+01  1.149467116749E+04  4.206541798088E+03
  5.894244293931E+00  1.770000000000E+01  2.458487654268E+00  2.158002834744E-08 -1.473301058625E+00  9.509384623824E-01 -3.177838157478E+01  6.585054867802E+03  4.213063789229E+03
  5.923596104520E+00  1.780000000000E+01  2.458493900212E+00  7.166801746268E-09 -1.476231194711E+00  1.010178605021E+00 -3.172817750099E+01  3.577534829395E+03  4.195707662057E+03
  5.952947960538E+00  1.790000000000E+01  2.458495965235E+00  2.133618796700E-09 -1.478282203697E+00  1.040701934916E+00 -3.167820189353E+01  1.675164784657E+03  4.176500938105E+03
  5.982299830733E+00  1.800000000000E+01  2.458496525105E+00  7.715932755174E-10 -1.479766023923E+00  1.052769718285E+00 -3.162843755128E+01  4.310937741239E+02  4.160616639597E+03
  6.011651703864E+00  1.810000000000E+01  2.458496549142E+00  2.738614656500E-10 -1.480871495243E+00  1.052581075625E+00 -3.157883994191E+01 -4.102595473678E+02  4.148507005049E+03
  6.041003576018E+00  1.820000000000E+01  2.458496395895E+00  9.432301936879E-11 -1.481716430530E+00  1.043972077144E+00 -3.152936739296E+01 -9.980873065507E+02  4.139537703668E+03
  6.070355446010E+00  1.830000000000E+01  2.458496200015E+00  3.655403839481E-11 -1.482376802560E+00  1.029406986353E+00 -3.147998705766E+01 -1.419130612665E+03  4.132936962019E+03
  6.099707313677E+00  1.840000000000E+01  2.458496010331E+00  2.036449762295E-11 -1.482903291407E+00  1.010529354950E+00 -3.143067466139E+01 -1.728232562061E+03  4.128073347740E+03
  6.129059179207E+00  1.850000000000E+01  2.458495843866E+00  2.098301084782E-11 -1.483330597673E+00  9.884548456975E-01 -3.138141240611E+01 -1.958351368717E+03  4.124456844976E+03
  6.158411042901E+00  1.860000000000E+01  2.458495702188E+00  3.216261259618E-12 -1.483682874879E+00  9.639806714645E-01 -3.133218749059E+01 -2.133967426706E+03  4.121783403707E+03
  6.187762905045E+00  1.870000000000E+01  2.458495584114E+00  2.041088984074E-12 -1.483977494994E+00  9.376590776291E-01 -3.128299008546E+01 -2.269513408961E+03  4.119805329877E+03
  6.217114765909E+00  1.880000000000E+01  2.458495487368E+00  7.731398004077E-14 -1.484227604256E+00  9.099090047775E-01 -3.123381319863E+01 -2.374578560633E+03  4.118320074286E+03
  6.246466625727E+00  1.890000000000E+01  2.458495407966E+00  1.051470166044E-12 -1.484442836958E+00  8.810463528894E-01 -3.118465158806E+01 -2.457224873882E+03  4.117238404544E+03
  6.275818484694E+00  1.900000000000E+01  2.458495344548E+00  3.711071281785E-13 -1.484630824096E+00  8.513124912837E-01 -3.113550113633E+01 -2.521181488253E+03  4.116439155626E+03
  6.305170342975E+00  1.910000000000E+01  2.458495292831E+00  6.185118947519E-13 -1.484797445130E+00  8.208963913171E-01 -3.108635833229E+01 -2.571898280478E+03  4.115952283030E+03
  6.334522200713E+00  1.920000000000E+01  2.458495253230E+00  1.546279765504E-14 -1.484947602989E+00  7.899530548910E-01 -3.103722001122E+01 -2.609894959021E+03  4.115688201170E+03
  6.363874058047E+00  1.930000000000E+01  2.458495225834E+00  4.638839360420E-14 -1.485086046679E+00  7.586255061445E-01 -3.098808349839E+01 -2.635680274680E+03  4.115620739516E+03
  6.393225915130E+00  1.940000000000E+01  2.458495210360E+00  3.711071520026E-13 -1.485217217168E+00  7.270642867016E-01 -3.093894673861E+01 -2.649830822215E+03  4.115777734053E+03
  6.422577772106E+00  1.950000000000E+01  2.458495209486E+00  0.000000000000E+00 -1.485345939318E+00  6.954096111863E-01 -3.088980644817E+01 -2.650023853112E+03  4.116175787951E+03
  6.451929629188E+00  1.960000000000E+01  2.458495228205E+00  7.731399000468E-14 -1.485478109055E+00  6.638618506514E-01 -3.084066013186E+01 -2.631568497813E+03  4.116835335146E+03
  6.481281486631E+00  1.970000000000E+01  2.458495272357E+00  2.520436043102E-12 -1.485621749038E+00  6.326697351337E-01 -3.079150295970E+01 -2.588157745755E+03  4.117988641125E+03
  6.510633344816E+00  1.980000000000E+01  2.458495354029E+00  9.123050477537E-12 -1.485788850377E+00  6.022130660187E-01 -3.074232824771E+01 -2.506252830883E+03  4.119891994825E+03
  6.539985204299E+00  1.990000000000E+01  2.458495495114E+00  1.093219729201E-11 -1.485999115988E+00  5.730865070749E-01 -3.069312464341E+01 -2.358695713243E+03  4.122821643189E+03
  6.569337065940E+00  2.000000000000E+01  2.458495718681E+00  5.964000262460E-11 -1.486285631242E+00  5.463121743886E-01 -3.064387724178E+01 -2.103951238788E+03  4.127374821716E+03
  6.598688930815E+00  2.010000000000E+01  2.458496034831E+00  4.445553244864E-11 -1.486702885714E+00  5.235282574514E-01 -3.059456379654E+01 -1.678819537045E+03  4.133872320662E+03
  6.628040799756E+00  2.020000000000E+01  2.458496378718E+00  1.580297317215E-11 -1.487331000310E+00  5.071283439983E-01 -3.054516344388E+01 -1.030895093277E+03  4.141702559188E+03
  6.657392672121E+00  2.030000000000E+01  2.458496575582E+00  3.870645580141E-10 -1.488256313279E+00  4.996628241564E-01 -3.049567303380E+01 -2.004941006077E+02  4.148291688926E+03
  6.686744545224E+00  2.040000000000E+01  2.458496500328E+00  4.208940392831E-09 -1.489522887917E+00  5.024128175896E-01 -3.044613684948E+01  6.306345704229E+02  4.149875440463E+03
  6.716096416293E+00  2.050000000000E+01  2.458496268266E+00  2.569853951877E-09 -1.491078012131E+00  5.139077534966E-01 -3.039661615343E+01  1.262870083156E+03  4.143157195032E+03
  6.745448284766E+00  2.060000000000E+01  2.458496102813E+00  2.334881591973E-12 -1.492817034489E+00  5.312871016918E-01 -3.034723633941E+01  1.592245308470E+03  4.127817727228E+03
  6.774800152436E+00  2.070000000000E+01  2.458496144541E+00  2.010163014939E-13 -1.494624876362E+00  5.505719164295E-01 -3.029807438762E+01  1.581664205727E+03  4.106980091249E+03
  6.804152021870E+00  2.080000000000E+01  2.458496384648E+00  2.922467592288E-12 -1.496367118215E+00  5.677071036458E-01 -3.024918451818E+01  1.233239083857E+03  4.082580641771E+03
  6.833503894660E+00  2.090000000000E+01  2.458496669531E+00  1.357478310023E-10 -1.497911600256E+00  5.787596665343E-01 -3.020059537974E+01  5.721644004693E+02  4.057120255025E+03
  6.862855769896E+00  2.100000000000E+01  2.458496756556E+00  6.431901478173E-10 -1.499150614774E+00  5.805466592395E-01 -3.015229851175E+01 -2.903317304578E+02  4.034290032121E+03
  6.892207644302E+00  2.110000000000E+01  2.458496535537E+00  4.231856059091E-10 -1.500043200153E+00  5.718748741607E-01 -3.010424008765E+01 -1.142674971952E+03  4.017573258298E+03
  6.921559514884E+00  2.120000000000E+01  2.458496152760E+00  8.674625688451E-12 -1.500631554415E+00  5.540346327293E-01 -3.005633980204E+01 -1.807635575918E+03  4.007639009558E+03
  6.950911380930E+00  2.130000000000E+01  2.458495798030E+00  4.949640128497E-11 -1.501002412037E+00  5.296225371884E-01 -3.000852659484E+01 -2.247709454282E+03  4.002590345312E+03
  6.980263243308E+00  2.140000000000E+01  2.458495541042E+00  5.017677045713E-11 -1.501236109057E+00  5.010442396227E-01 -2.996075579592E+01 -2.516883961603E+03  4.000229410876E+03
  7.009615103169E+00  2.150000000000E+01  2.458495371726E+00  2.234374099572E-11 -1.501387432528E+00  4.699480495991E-01 -2.991300444440E+01 -2.678755195630E+03  3.999167640030E+03
  7.038966961394E+00  2.160000000000E+01  2.458495262734E+00  8.226208215945E-12 -1.501489088501E+00  4.373289584931E-01 -2.986526173123E+01 -2.777651560408E+03  3.998704061617E+03
  7.068318818563E+00  2.170000000000E+01  2.458495191740E+00  2.257568501395E-12 -1.501559881273E+00  4.037666824594E-01 -2.981752269947E+01 -2.840058047283E+03  3.998516224361E+03
  7.097670675037E+00  2.180000000000E+01  2.458506715362E+00  3.862680724113E-04 -1.501610863152E+00  3.695998579805E-01 -2.976978505175E+01 -2.880817867246E+03  4.004033186282E+03
  7.127022559588E+00  2.190000000000E+01  2.458617876664E+00  3.712172984485E-03 -1.501648701348E+00  3.350293697095E-01 -2.972169653901E+01 -2.908893510699E+03  4.061202434250E+03
  7.156374531933E+00  2.200000000000E+01  2.458897605714E+00  9.339940247049E-03 -1.501677500522E+00  3.001745279266E-01 -2.967246493158E+01 -2.929613247961E+03  4.210197390233E+03
  7.185726728162E+00  2.210000000000E+01  2.459613112302E+00  2.388997806021E-02 -1.501699909459E+00  2.651031046407E-01 -2.962030357300E+01 -2.946856357439E+03  4.587927431635E+03
  7.215079495331E+00  2.220000000000E+01  2.461435948183E+00  6.086705009243E-02 -1.501717691373E+00  2.298438816475E-01 -2.956086179649E+01 -2.964510086361E+03  5.507712913979E+03
  7.244433691797E+00  2.230000000000E+01  2.465943680280E+00  1.505376581840E-01 -1.501732024709E+00  1.943934592203E-01 -2.948470544348E+01 -2.986181524397E+03  7.488110308037E+03
  7.273791198143E+00  2.240000000000E+01  2.475762797413E+00  3.279066293920E-01 -1.501743730597E+00  1.587604107145E-01 -2.937810806571E+01 -3.010326425530E+03  1.054637271674E+04
  7.303154892043E+00  2.250000000000E+01  2.492038219234E+00  5.433551437318E-01 -1.501753393370E+00  1.230494956476E-01 -2.923574906545E+01 -3.028743517094E+03  1.340859530844E+04
  7.332527420444E+00  2.260000000000E+01  2.513233444692E+00  7.073793199738E-01 -1.501761442275E+00  8.742755183404E-02 -2.906591001450E+01 -3.039555220979E+03  1.538104973185E+04
  7.361910459750E+00  2.270000000000E+01  2.537500310942E+00  8.096995539868E-01 -1.501768205821E+00  5.202223295755E-02 -2.887958712499E+01 -3.045262922817E+03  1.652624864373E+04
  7.391304809845E+00  2.280000000000E+01  2.563392386890E+00  8.637944985507E-01 -1.501773948065E+00  1.690452828258E-02 -2.868539180079E+01 -3.048269311247E+03  1.710108858530E+04
  7.420710682290E+00  2.290000000000E+01  2.590050182457E+00  8.892663647146E-01 -1.501778861396E+00 -1.789523426244E-02 -2.848854641625E+01 -3.050200028880E+03  1.735827713000E+04
  7.450127975905E+00  2.300000000000E+01  2.617020697822E+00  8.996588198767E-01 -1.501783084816E+00 -5.236846037391E-02 -2.829180735415E+01 -3.051690300685E+03  1.744353132418E+04
  7.479556435566E+00  2.310000000000E+01  2.644037605980E+00  9.011795733201E-01 -1.501786746509E+00 -8.651652756849E-02 -2.809674006088E+01 -3.053084504994E+03  1.740965504199E+04
  7.508995715889E+00  2.320000000000E+01  2.670860710121E+00  8.946842548691E-01 -1.501789947479E+00 -1.203475934599E-01 -2.790467702305E+01 -3.054839574956E+03  1.723512658287E+04
  7.538445378815E+00  2.330000000000E+01  2.697120994312E+00  8.758578612099E-01 -1.501792760662E+00 -1.538804874208E-01 -2.771758749011E+01 -3.057881576571E+03  1.680825251276E+04
  7.567904823178E+00  2.340000000000E+01  2.722077697294E+00  8.322744042264E-01 -1.501795255532E+00 -1.871556861870E-01 -2.753932796677E+01 -3.064503103877E+03  1.586202195689E+04
  7.597373099702E+00  2.350000000000E+01  2.744149304426E+00  7.358716292984E-01 -1.501797486305E+00 -2.202646007291E-01 -2.737770895230E+01 -3.079781708336E+03  1.390491181287E+04
  7.626848531092E+00  2.360000000000E+01  2.760488902236E+00  5.445543661729E-01 -1.501799493712E+00 -2.533808028162E-01 -2.724508385544E+01 -3.107895140035E+03  1.073696333841E+04
  7.656328561977E+00  2.370000000000E+01  2.769438428417E+00  2.981921975368E-01 -1.501801318908E+00 -2.866757629984E-01 -2.714738862541E+01 -3.137676147207E+03  7.772899575218E+03
  7.685810821514E+00  2.380000000000E+01  2.773324094169E+00  1.294742422333E-01 -1.501802993909E+00 -3.201610125256E-01 -2.707457026787E+01 -3.156369334812E+03  6.124484333742E+03
  7.715293998928E+00  2.390000000000E+01  2.774878191831E+00  5.178964337810E-02 -1.501804534515E+00 -3.537607350726E-01 -2.701385897822E+01 -3.165604912544E+03  5.406885745044E+03
  7.744777537610E+00  2.400000000000E+01  2.775487229201E+00  2.029722990737E-02 -1.501805939759E+00 -3.874172344857E-01 -2.695818442200E+01 -3.169905202624E+03  5.118822896788E+03
  7.774261217141E+00  2.410000000000E+01  2.775724653601E+00  7.912843248650E-03 -1.501807177867E+00 -4.211017847228E-01 -2.690450368148E+01 -3.172066939917E+03  5.006018809066E+03
  7.803744951481E+00  2.420000000000E+01  2.775817081085E+00  3.080480787834E-03 -1.501808238317E+00 -4.548013013501E-01 -2.685160033406E+01 -3.173496186676E+03  4.962234525670E+03
  7.833228707143E+00  2.430000000000E+01  2.775853132619E+00  1.201566956306E-03 -1.501808728878E+00 -4.885148125461E-01 -2.679899763510E+01 -3.174187906917E+03  4.945282422963E+03
  7.862712469528E+00  2.440000000000E+01  2.775856767077E+00  1.211327938217E-04 -1.501808728878E+00 -5.222297772593E-01 -2.674648934555E+01 -3.174218803307E+03  4.943585179454E+03
  7.892196231912E+00  2.450000000000E+01  2.775856767077E+00  0.000000000000E+00 -1.501808728878E+00 -5.559447419732E-01 -2.669398105604E+01 -3.174218803307E+03  4.943585179454E+03
  7.921679994297E+00  2.460000000000E+01  2.775856767077E+00  0.000000000000E+00 -1.501808728878E+00 -5.896597066871E-01 -2.664147276653E+01 -3.174218803307E+03  4.943585179454E+03
  7.951163756681E+00  2.470000000000E+01  2.775856767077E+00  0.000000000000E+00 -1.501808728878E+00 -6.233746714010E-01 -2.658896447702E+01 -3.174218803307E+03  4.943585179454E+03
  7.980647519065E+00  2.480000000000E+01  2.775856767077E+00  0.000000000000E+00 -1.501808728878E+00 -6.570896361149E-01 -2.653645618752E+01 -3.174218803307E+03  4.943585179454E+03
  8.010131281450E+00  2.490000000000E+01  2.775856767077E+00  0.000000000000E+00 -1.501808728878E+00 -6.908046008288E-01 -2.648394789801E+01 -3.174218803307E+03  4.943585179454E+03
  8.039615043834E+00  2.500000000000E+01  2.775856767077E+00  0.000000000000E+00 -1.501808728878E+00 -7.245195655427E-01 -2.643143960850E+01 -3.174218803307E+03  4.943585179454E+03
  8.069098806219E+00  2.510000000000E+01  2.775856767077E+00  0.000000000000E+00 -1.501808728878E+00 -7.582345302566E-01 -2.637893131899E+01 -3.174218803307E+03  4.943585179454E+03
  8.098582568603E+00  2.520000000000E+01  2.775856767077E+00  0.000000000000E+00 -1.501808728878E+00 -7.919494949705E-01 -2.632642302948E+01 -3.174218803307E+03  4.943585179454E+03
  8.128066330988E+00  2.530000000000E+01  2.775856767077E+00  0.000000000000E+00 -1.501808728878E+00 -8.256644596845E-01 -2.627391473998E+01 -3.174218803307E+03  4.943585179454E+03
  8.157550093372E+00  2.540000000000E+01  2.775856767077E+00  0.000000000000E+00 -1.501808728878E+00 -8.593794243984E-01 -2.622140645047E+01 -3.174218803307E+03  4.943585179454E+03
  8.187033855756E+00  2.550000000000E+01  2.775856767077E+00  0.000000000000E+00 -1.501808728878E+00 -8.930943891123E-01 -2.616889816096E+01 -3.174218803307E+03  4.943585179454E+03
  8.216517618141E+00  2.560000000000E+01  2.775856767077E+00  0.000000000000E+00 -1.501808728878E+00 -9.268093538262E-01 -2.611638987145E+01 -3.174218803307E+03  4.943585179454E+03
  8.246001380525E+00  2.570000000000E+01  2.775856767077E+00  0.000000000000E+00 -1.501808728878E+00 -9.605243185401E-01 -2.606388158194E+01 -3.174218803307E+03  4.943585179454E+03
  8.275485142910E+00  2.580000000000E+01  2.775856767077E+00  0.000000000000E+00 -1.501808728878E+00 -9.942392832540E-01 -2.601137329244E+01 -3.174218803307E+03  4.943585179454E+03
  8.304968905294E+00  2.590000000000E+01  2.775856767077E+00  0.000000000000E+00 -1.501808728878E+00 -1.027954247968E+00 -2.595886500293E+01 -3.174218803307E+03  4.943585179454E+03
  8.334452667678E+00  2.600000000000E+01  2.775856767077E+00  0.000000000000E+00 -1.501808728878E+00 -1.061669212682E+00 -2.590635671342E+01 -3.174218803307E+03  4.943585179454E+03
  8.363936430063E+00  2.610000000000E+01  2.775856767077E+00  0.000000000000E+00 -1.501808728878E+00 -1.095384177396E+00 -2.585384842391E+01 -3.174218803307E+03  4.943585179454E+03
  8.393420192447E+00  2.620000000000E+01  2.775856767077E+00  0.000000000000E+00 -1.501808728878E+00 -1.129099142110E+00 -2.580134013440E+01 -3.174218803307E+03  4.943585179454E+03
  8.422903954832E+00  2.630000000000E+01  2.775856767077E+00  0.000000000000E+00 -1.501808728878E+00 -1.162814106824E+00 -2.574883184490E+01 -3.174218803307E+03  4.943585179454E+03
  8.452387717216E+00  2.640000000000E+01  2.775856767077E+00  0.000000000000E+00 -1.501808728878E+00 -1.196529071537E+00 -2.569632355539E+01 -3.174218803307E+03  4.943585179454E+03
  8.481871479601E+00  2.650000000000E+01  2.775869951497E+00  4.400949961111E-04 -1.501808728878E+00 -1.230244036251E+00 -2.564381526588E+01 -3.173960814888E+03  4.948966777296E+03
  8.511355264923E+00  2.660000000000E+01  2.775997460248E+00  4.256417632760E-03 -1.501808728878E+00 -1.263943612934E+00 -2.559100650224E+01 -3.171281875437E+03  5.003904451347E+03
  8.540839121357E+00  2.670000000000E+01  2.776318910402E+00  1.073083854980E-02 -1.501808728878E+00 -1.297592300512E+00 -2.553722463074E+01 -3.164135431444E+03  5.146321968069E+03
  8.570323158515E+00  2.680000000000E+01  2.777139145886E+00  2.738241520740E-02 -1.501808728878E+00 -1.331107652184E+00 -2.548096036809E+01 -3.145594667166E+03  5.505606751074E+03
  8.599807654966E+00  2.690000000000E+01  2.779219802599E+00  6.946343762071E-02 -1.501808728878E+00 -1.364284568169E+00 -2.541856833811E+01 -3.099631969422E+03  6.372243309850E+03
  8.629293289416E+00  2.700000000000E+01  2.784267380331E+00  1.685238466596E-01 -1.501808728878E+00 -1.396676413188E+00 -2.534239118428E+01 -3.001187054309E+03  8.179748263092E+03
  8.658781475541E+00  2.710000000000E+01  2.794788272621E+00  3.512348710409E-01 -1.501808728878E+00 -1.427651087454E+00 -2.524229755325E+01 -2.854222573881E+03  1.081036523864E+04
  8.688274235869E+00  2.720000000000E+01  2.811561449959E+00  5.598303607629E-01 -1.501808728878E+00 -1.456940822405E+00 -2.511547292220E+01 -2.718322085447E+03  1.318390631016E+04
  8.717773370833E+00  2.730000000000E+01  2.833052842354E+00  7.171422844158E-01 -1.501808728878E+00 -1.484824798680E+00 -2.496856311461E+01 -2.623581550289E+03  1.479846250624E+04
  8.747280019229E+00  2.740000000000E+01  2.857471252683E+00  8.146759688131E-01 -1.501808728878E+00 -1.511716991302E+00 -2.480978649340E+01 -2.567977281818E+03  1.572349356654E+04
  8.776794727840E+00  2.750000000000E+01  2.883436596332E+00  8.661957944557E-01 -1.501808728878E+00 -1.537959636008E+00 -2.464545177633E+01 -2.539709669836E+03  1.618274275404E+04
  8.806317648859E+00  2.760000000000E+01  2.910125997549E+00  8.903003903927E-01 -1.501808728878E+00 -1.563769722802E+00 -2.447933801190E+01 -2.527015742949E+03  1.638424103651E+04
  8.835848722835E+00  2.770000000000E+01  2.937101022703E+00  8.998012780440E-01 -1.501808728878E+00 -1.589269581440E+00 -2.431344374213E+01 -2.523138354418E+03  1.644448865181E+04
  8.865387783425E+00  2.780000000000E+01  2.964094743236E+00  9.004056645629E-01 -1.501808728878E+00 -1.614537681670E+00 -2.414893975791E+01 -2.525981337208E+03  1.640164913127E+04
  8.894934596634E+00  2.790000000000E+01  2.990847988587E+00  8.923605126259E-01 -1.501808728878E+00 -1.639652606200E+00 -2.398690032880E+01 -2.537740768240E+03  1.622787893807E+04
  8.924488851728E+00  2.800000000000E+01  3.016940879978E+00  8.702911020383E-01 -1.501808728878E+00 -1.664741928621E+00 -2.382901382076E+01 -2.566608225131E+03  1.581041477811E+04
  8.954050097550E+00  2.810000000000E+01  3.041516113128E+00  8.195865027529E-01 -1.501808728878E+00 -1.690062752157E+00 -2.367864922755E+01 -2.631650400256E+03  1.488989284794E+04
  8.983617585601E+00  2.820000000000E+01  3.062791274487E+00  7.093823491943E-01 -1.501808728878E+00 -1.716132550079E+00 -2.354247380035E+01 -2.765162001028E+03  1.304081780450E+04
  9.013190000913E+00  2.830000000000E+01  3.077992527556E+00  5.067136232151E-01 -1.501808728878E+00 -1.743710644140E+00 -2.342983063802E+01 -2.968451600361E+03  1.028443592755E+04
  9.042765490158E+00  2.840000000000E+01  3.086129677714E+00  2.711967496132E-01 -1.501808728878E+00 -1.773106539264E+00 -2.334336761102E+01 -3.147186230803E+03  7.907003451163E+03
  9.072342452075E+00  2.850000000000E+01  3.089652557786E+00  1.174136209608E-01 -1.501808728878E+00 -1.803774953157E+00 -2.327452636022E+01 -3.244807811774E+03  6.632242985275E+03
  9.101920021070E+00  2.860000000000E+01  3.091059917196E+00  4.690836793862E-02 -1.501808728878E+00 -1.835063926536E+00 -2.321406133617E+01 -3.287514406895E+03  6.085152858652E+03
  9.131497828767E+00  2.870000000000E+01  3.091609541148E+00  1.832004347522E-02 -1.501808728878E+00 -1.866613961352E+00 -2.315704434329E+01 -3.304853859726E+03  5.867307170659E+03
  9.161075729216E+00  2.880000000000E+01  3.091822902163E+00  7.111871174829E-03 -1.501808728878E+00 -1.898268757200E+00 -2.310138293398E+01 -3.311737759479E+03  5.782480956423E+03
  9.190653665667E+00  2.890000000000E+01  3.091905991898E+00  2.769622682094E-03 -1.501808728878E+00 -1.929965070881E+00 -2.304624813165E+01 -3.314463682301E+03  5.749529151069E+03
  9.220231616150E+00  2.900000000000E+01  3.091938420929E+00  1.080961901039E-03 -1.501808728878E+00 -1.961677828146E+00 -2.299131787238E+01 -3.315542196409E+03  5.736734824020E+03
  9.249809571055E+00  2.910000000000E+01  3.091941690784E+00  1.089955899722E-04 -1.501808728878E+00 -1.993395816730E+00 -2.293645164558E+01 -3.315650847858E+03  5.735459889473E+03
  9.279387525960E+00  2.920000000000E+01  3.091941690784E+00  0.000000000000E+00 -1.501808728878E+00 -2.025113805317E+00 -2.288158541881E+01 -3.315650847858E+03  5.735459889473E+03
  9.308965480865E+00  2.930000000000E+01  3.091941690784E+00  0.000000000000E+00 -1.501808728878E+00 -2.056831793903E+00 -2.282671919204E+01 -3.315650847858E+03  5.735459889473E+03
  9.338543435770E+00  2.940000000000E+01  3.091941690784E+00  0.000000000000E+00 -1.501808728878E+00 -2.088549782490E+00 -2.277185296527E+01 -3.315650847858E+03  5.735459889473E+03
  9.368121390675E+00  2.950000000000E+01  3.091941690784E+00  0.000000000000E+00 -1.501808728878E+00 -2.120267771076E+00 -2.271698673850E+01 -3.315650847858E+03  5.735459889473E+03
  9.397699345580E+00  2.960000000000E+01  3.091941690784E+00  0.000000000000E+00 -1.501808728878E+00 -2.151985759663E+00 -2.266212051173E+01 -3.315650847858E+03  5.735459889473E+03
  9.427277300485E+00  2.970000000000E+01  3.091941690784E+00  0.000000000000E+00 -1.501808728878E+00 -2.183703748249E+00 -2.260725428496E+01 -3.315650847858E+03  5.735459889473E+03
  9.456855255390E+00  2.980000000000E+01  3.091941690784E+00  0.000000000000E+00 -1.501808728878E+00 -2.215421736836E+00 -2.255238805819E+01 -3.315650847858E+03  5.735459889473E+03
  9.486433210294E+00  2.990000000000E+01  3.091941690784E+00  0.000000000000E+00 -1.501808728878E+00 -2.247139725422E+00 -2.249752183141E+01 -3.315650847858E+03  5.735459889473E+03
  9.516011165199E+00  3.000000000000E+01  3.091941690784E+00  0.000000000000E+00 -1.501808728878E+00 -2.278857714009E+00 -2.244265560464E+01 -3.315650847858E+03  5.735459889473E+03
  9.545589120104E+00  3.010000000000E+01  3.091941690784E+00  0.000000000000E+00 -1.501808728878E+00 -2.310575702595E+00 -2.238778937787E+01 -3.315650847858E+03  5.735459889473E+03
  9.575167075009E+00  3.020000000000E+01  3.091941690784E+00  0.000000000000E+00 -1.501808728878E+00 -2.342293691181E+00 -2.233292315110E+01 -3.315650847858E+03  5.735459889473E+03
  9.604745029914E+00  3.030000000000E+01  3.091941690784E+00  0.000000000000E+00 -1.501808728878E+00 -2.374011679768E+00 -2.227805692433E+01 -3.315650847858E+03  5.735459889473E+03
  9.634322984819E+00  3.040000000000E+01  3.091941690784E+00  0.000000000000E+00 -1.501808728878E+00 -2.405729668354E+00 -2.222319069756E+01 -3.315650847858E+03  5.735459889473E+03
  9.663900939724E+00  3.050000000000E+01  3.091941690784E+00  0.000000000000E+00 -1.501808728878E+00 -2.437447656941E+00 -2.216832447079E+01 -3.315650847858E+03  5.735459889473E+03
  9.693478894629E+00  3.060000000000E+01  3.091941690784E+00  0.000000000000E+00 -1.501808728878E+00 -2.469165645527E+00 -2.211345824402E+01 -3.315650847858E+03  5.735459889473E+03
  9.723056849534E+00  3.070000000000E+01  3.091941690784E+00  0.000000000000E+00 -1.501808728878E+00 -2.500883634114E+00 -2.205859201725E+01 -3.315650847858E+03  5.735459889473E+03
  9.752634804439E+00  3.080000000000E+01  3.091941690784E+00  0.000000000000E+00 -1.501808728878E+00 -2.532601622700E+00 -2.200372579047E+01 -3.315650847858E+03  5.735459889473E+03
  9.782212759343E+00  3.090000000000E+01  3.091941690784E+00  0.000000000000E+00 -1.501808728878E+00 -2.564319611287E+00 -2.194885956370E+01 -3.315650847858E+03  5.735459889473E+03
  9.811790714248E+00  3.100000000000E+01  3.091941690784E+00  0.000000000000E+00 -1.501808728878E+00 -2.596037599873E+00 -2.189399333693E+01 -3.315650847858E+03  5.735459889473E+03
  9.841368669153E+00  3.110000000000E+01  3.091941690784E+00  0.000000000000E+00 -1.501808728878E+00 -2.627755588460E+00 -2.183912711016E+01 -3.315650847858E+03  5.735459889473E+03
  9.870946629588E+00  3.120000000000E+01  3.092003108806E+00  2.049858627118E-03 -1.501808728878E+00 -2.659464997226E+00 -2.178419230690E+01 -3.313177519344E+03  5.755823211403E+03
  9.900524617331E+00  3.130000000000E+01  3.092169843339E+00  5.565164494860E-03 -1.501808728878E+00 -2.691128283757E+00 -2.172889144379E+01 -3.305754184838E+03  5.816119977061E+03
  9.930102673352E+00  3.140000000000E+01  3.092593702036E+00  1.414759814177E-02 -1.501808728878E+00 -2.722669382114E+00 -2.167263310937E+01 -3.286345589405E+03  5.971528092411E+03
  9.959680903446E+00  3.150000000000E+01  3.093675575091E+00  3.611156062512E-02 -1.501808728878E+00 -2.753896276191E+00 -2.161394700787E+01 -3.237069718725E+03  6.360547699282E+03
  9.989259574088E+00  3.160000000000E+01  3.096391594497E+00  9.065981964062E-02 -1.501808728878E+00 -2.784349122075E+00 -2.154936815800E+01 -3.119896072591E+03  7.272858017585E+03
  1.001883930942E+01  3.170000000000E+01  3.102720125534E+00  2.112442669840E-01 -1.501808728878E+00 -2.813127279271E+00 -2.147225504329E+01 -2.891534655508E+03  9.027117043343E+03
  1.004842128808E+01  3.180000000000E+01  3.114907431203E+00  4.067617345579E-01 -1.501808728878E+00 -2.839244484392E+00 -2.137569017422E+01 -2.596091803700E+03  1.126697447121E+04
  1.007800699035E+01  3.190000000000E+01  3.133007639897E+00  6.039942879704E-01 -1.501808728878E+00 -2.862601896986E+00 -2.125973052333E+01 -2.348963700159E+03  1.311562001365E+04
  1.010759762064E+01  3.200000000000E+01  3.155350882738E+00  7.454633377180E-01 -1.501808728878E+00 -2.883879847712E+00 -2.113014063410E+01 -2.185885325548E+03  1.431923994164E+04
  1.013719390541E+01  3.210000000000E+01  3.180233217416E+00  8.300866758146E-01 -1.501808728878E+00 -2.903831857051E+00 -2.099290984303E+01 -2.094803331376E+03  1.498254826567E+04
  1.016679617412E+01  3.220000000000E+01  3.206420629641E+00  8.735682028337E-01 -1.501808728878E+00 -2.923018655315E+00 -2.085234182509E+01 -2.050292381416E+03  1.530241715720E+04
  1.019640450540E+01  3.230000000000E+01  3.233202544573E+00  8.933695869315E-01 -1.501808728878E+00 -2.941772026606E+00 -2.071090789630E+01 -2.031485772132E+03  1.543581530331E+04
  1.022601884555E+01  3.240000000000E+01  3.260194161204E+00  9.003476039660E-01 -1.501808728878E+00 -2.960275219765E+00 -2.056992234670E+01 -2.027702758141E+03  1.546236636652E+04
  1.025563907109E+01  3.250000000000E+01  3.287137478847E+00  8.987225062021E-01 -1.501808728878E+00 -2.978652432595E+00 -2.043022877044E+01 -2.036874211475E+03  1.539917387460E+04
  1.028526500702E+01  3.260000000000E+01  3.313739143498E+00  8.873063710248E-01 -1.501808728878E+00 -2.997044097489E+00 -2.029273893826E+01 -2.065345295904E+03  1.520538302007E+04
  1.031489640849E+01  3.270000000000E+01  3.339475329560E+00  8.583999824127E-01 -1.501808728878E+00 -3.015697713390E+00 -2.015903552901E+01 -2.132295850254E+03  1.475543038590E+04
  1.034453289475E+01  3.280000000000E+01  3.363259390516E+00  7.932146473897E-01 -1.501808728878E+00 -3.035120052468E+00 -2.003233523639E+01 -2.278972735329E+03  1.378202210235E+04
  1.037417380345E+01  3.290000000000E+01  3.382965243031E+00  6.570880755458E-01 -1.501808728878E+00 -3.056267776399E+00 -1.991862832743E+01 -2.558500061832E+03  1.194964186843E+04
  1.040381801326E+01  3.300000000000E+01  3.396034989795E+00  4.357185195185E-01 -1.501808728878E+00 -3.080230524998E+00 -1.982445774023E+01 -2.921597733880E+03  9.597801075257E+03
  1.043346414312E+01  3.310000000000E+01  3.402618200977E+00  2.194509716235E-01 -1.501808728878E+00 -3.106995596678E+00 -1.974902604359E+01 -3.193088411103E+03  7.860353704322E+03
  1.046311115530E+01  3.320000000000E+01  3.405407717458E+00  9.298975403343E-02 -1.501808728878E+00 -3.135476747474E+00 -1.968483278313E+01 -3.329366352961E+03  6.998785419536E+03
  1.049275852725E+01  3.330000000000E+01  3.406516082001E+00  3.694890178149E-02 -1.501808728878E+00 -3.164745060444E+00 -1.962571741481E+01 -3.386992612519E+03  6.638892626390E+03
  1.052240604031E+01  3.340000000000E+01  3.406948029962E+00  1.439986355858E-02 -1.501808728878E+00 -3.194336159531E+00 -1.956865704881E+01 -3.410010089595E+03  6.496886325546E+03
  1.055205360816E+01  3.350000000000E+01  3.407115439153E+00  5.580982499734E-03 -1.501808728878E+00 -3.224054998882E+00 -1.951239978669E+01 -3.419047008298E+03  6.441806444400E+03
  1.058170119720E+01  3.360000000000E+01  3.407180266276E+00  2.161180069964E-03 -1.501808728878E+00 -3.253823847759E+00 -1.945645309317E+01 -3.422576275307E+03  6.420553491904E+03
  1.061134879446E+01  3.370000000000E+01  3.407202982512E+00  7.573098729408E-04 -1.501808728878E+00 -3.283612221217E+00 -1.940062618173E+01 -3.423816151271E+03  6.413171966023E+03
  1.064099639331E+01  3.380000000000E+01  3.407202982512E+00  0.000000000000E+00 -1.501808728878E+00 -3.313404378693E+00 -1.934482230071E+01 -3.423816151271E+03  6.413171966023E+03
  1.067064399217E+01  3.390000000000E+01  3.407202982512E+00  0.000000000000E+00 -1.501808728878E+00 -3.343196536169E+00 -1.928901841969E+01 -3.423816151271E+03  6.413171966023E+03
  1.070029159103E+01  3.400000000000E+01  3.407202982512E+00  0.000000000000E+00 -1.501808728878E+00 -3.372988693644E+00 -1.923321453867E+01 -3.423816151271E+03  6.413171966023E+03
  1.072993918988E+01  3.410000000000E+01  3.407202982512E+00  0.000000000000E+00 -1.501808728878E+00 -3.402780851120E+00 -1.917741065766E+01 -3.423816151271E+03  6.413171966023E+03
  1.075958678874E+01  3.420000000000E+01  3.407202982512E+00  0.000000000000E+00 -1.501808728878E+00 -3.432573008596E+00 -1.912160677664E+01 -3.423816151271E+03  6.413171966023E+03
  1.078923438759E+01  3.430000000000E+01  3.407202982512E+00  0.000000000000E+00 -1.501808728878E+00 -3.462365166071E+00 -1.906580289562E+01 -3.423816151271E+03  6.413171966023E+03
  1.081888198645E+01  3.440000000000E+01  3.407202982512E+00  0.000000000000E+00 -1.501808728878E+00 -3.492157323547E+00 -1.900999901460E+01 -3.423816151271E+03  6.413171966023E+03
  1.084852958530E+01  3.450000000000E+01  3.407202982512E+00  0.000000000000E+00 -1.501808728878E+00 -3.521949481023E+00 -1.895419513359E+01 -3.423816151271E+03  6.413171966023E+03
  1.087817718416E+01  3.460000000000E+01  3.407202982512E+00  0.000000000000E+00 -1.501808728878E+00 -3.551741638499E+00 -1.889839125257E+01 -3.423816151271E+03  6.413171966023E+03
  1.090782478301E+01  3.470000000000E+01  3.407202982512E+00  0.000000000000E+00 -1.501808728878E+00 -3.581533795974E+00 -1.884258737155E+01 -3.423816151271E+03  6.413171966023E+03
  1.093747238187E+01  3.480000000000E+01  3.407202982512E+00  0.000000000000E+00 -1.501808728878E+00 -3.611325953450E+00 -1.878678349053E+01 -3.423816151271E+03  6.413171966023E+03
  1.096711998072E+01  3.490000000000E+01  3.407202982512E+00  0.000000000000E+00 -1.501808728878E+00 -3.641118110926E+00 -1.873097960952E+01 -3.423816151271E+03  6.413171966023E+03
  1.099676757958E+01  3.500000000000E+01  3.407202982512E+00  0.000000000000E+00 -1.501808728878E+00 -3.670910268402E+00 -1.867517572850E+01 -3.423816151271E+03  6.413171966023E+03
  1.102641517843E+01  3.510000000000E+01  3.407202982512E+00  0.000000000000E+00 -1.501808728878E+00 -3.700702425877E+00 -1.861937184748E+01 -3.423816151271E+03  6.413171966023E+03
  1.105606277729E+01  3.520000000000E+01  3.407202982512E+00  0.000000000000E+00 -1.501808728878E+00 -3.730494583353E+00 -1.856356796647E+01 -3.423816151271E+03  6.413171966023E+03
  1.108571037614E+01  3.530000000000E+01  3.407202982512E+00  0.000000000000E+00 -1.501808728878E+00 -3.760286740829E+00 -1.850776408545E+01 -3.423816151271E+03  6.413171966023E+03
  1.111535797500E+01  3.540000000000E+01  3.407202982512E+00  0.000000000000E+00 -1.501808728878E+00 -3.790078898305E+00 -1.845196020443E+01 -3.423816151271E+03  6.413171966023E+03
  1.114500557385E+01  3.550000000000E+01  3.407202982512E+00  0.000000000000E+00 -1.501808728878E+00 -3.819871055780E+00 -1.839615632341E+01 -3.423816151271E+03  6.413171966023E+03
  1.117465317271E+01  3.560000000000E+01  3.407202982512E+00  0.000000000000E+00 -1.501808728878E+00 -3.849663213256E+00 -1.834035244240E+01 -3.423816151271E+03  6.413171966023E+03
  1.120430077156E+01  3.570000000000E+01  3.407202982512E+00  0.000000000000E+00 -1.501808728878E+00 -3.879455370732E+00 -1.828454856138E+01 -3.423816151271E+03  6.413171966023E+03
  1.123394837042E+01  3.580000000000E+01  3.407202982512E+00  0.000000000000E+00 -1.501808728878E+00 -3.909247528208E+00 -1.822874468036E+01 -3.423816151271E+03  6.413171966023E+03
  1.126359597513E+01  3.590000000000E+01  3.407289940633E+00  2.901993561465E-03 -1.501808728878E+00 -3.939022882674E+00 -1.817286460977E+01 -3.418452862840E+03  6.438007162787E+03
  1.129324360945E+01  3.600000000000E+01  3.407532687399E+00  8.101237836616E-03 -1.501808728878E+00 -3.968708878163E+00 -1.811658177644E+01 -3.402603010554E+03  6.510672529719E+03
  1.132289131907E+01  3.610000000000E+01  3.408154619517E+00  2.075608697228E-02 -1.501808728878E+00 -3.998160952078E+00 -1.805925515309E+01 -3.361626563791E+03  6.696551509525E+03
  1.135253922093E+01  3.620000000000E+01  3.409735708282E+00  5.276713419421E-02 -1.501808728878E+00 -4.027020388269E+00 -1.799931244821E+01 -3.259888684021E+03  7.153244086380E+03
  1.138218760151E+01  3.630000000000E+01  3.413595493407E+00  1.288170986133E-01 -1.501808728878E+00 -4.054483196025E+00 -1.793327569701E+01 -3.033592816515E+03  8.158744574556E+03
  1.141183708243E+01  3.640000000000E+01  3.421971862164E+00  2.795434198969E-01 -1.501808728878E+00 -4.079233638438E+00 -1.785556983249E+01 -2.651610784768E+03  9.839307223393E+03
  1.144148867516E+01  3.650000000000E+01  3.436471057390E+00  4.838205958671E-01 -1.501808728878E+00 -4.100339666904E+00 -1.776251577310E+01 -2.238913100129E+03  1.163694022512E+04
  1.147114345385E+01  3.660000000000E+01  3.456320041917E+00  6.622453941407E-01 -1.501808728878E+00 -4.118185363910E+00 -1.765623613734E+01 -1.928810425661E+03  1.297384034892E+04
  1.150080219908E+01  3.670000000000E+01  3.479754936853E+00  7.818067883895E-01 -1.501808728878E+00 -4.133787109265E+00 -1.754145245718E+01 -1.737462933596E+03  1.379031061109E+04
  1.153046534501E+01  3.680000000000E+01  3.505213601725E+00  8.492656887773E-01 -1.501808728878E+00 -4.148065982964E+00 -1.742229638489E+01 -1.636475545453E+03  1.421677826703E+04
  1.156013306691E+01  3.690000000000E+01  3.531669648483E+00  8.825050185941E-01 -1.501808728878E+00 -4.161639342388E+00 -1.730147207201E+01 -1.589384810702E+03  1.441360475377E+04
  1.158980538872E+01  3.700000000000E+01  3.558555107068E+00  8.968121419678E-01 -1.501808728878E+00 -4.174853296178E+00 -1.718046035752E+01 -1.571744885809E+03  1.448660386319E+04
  1.161948225559E+01  3.710000000000E+01  3.585547092922E+00  9.003549357896E-01 -1.501808728878E+00 -4.187905308612E+00 -1.706007842202E+01 -1.573236861803E+03  1.448056074792E+04
  1.164916356670E+01  3.720000000000E+01  3.612385427781E+00  8.952187891485E-01 -1.501808728878E+00 -4.200953290257E+00 -1.694095196357E+01 -1.595227882085E+03  1.439157569302E+04
  1.167884917772E+01  3.730000000000E+01  3.638705416526E+00  8.779106995888E-01 -1.501808728878E+00 -4.214215687937E+00 -1.682392371253E+01 -1.652583788175E+03  1.416177003172E+04
  1.170853887334E+01  3.740000000000E+01  3.663799332341E+00  8.369788013457E-01 -1.501808728878E+00 -4.228111785587E+00 -1.671059688716E+01 -1.782657926283E+03  1.364576715651E+04
  1.173823229405E+01  3.750000000000E+01  3.686208774402E+00  7.473747262322E-01 -1.501808728878E+00 -4.243491031323E+00 -1.660419548905E+01 -2.055041471292E+03  1.257549080864E+04
  1.176792880233E+01  3.760000000000E+01  3.703459640752E+00  5.752474129002E-01 -1.501808728878E+00 -4.261740748875E+00 -1.650990457248E+01 -2.511074030924E+03  1.079957894973E+04
  1.179762742240E+01  3.770000000000E+01  3.713760165541E+00  3.434362377560E-01 -1.501808728878E+00 -4.283825093027E+00 -1.643107985596E+01 -2.986594697798E+03  8.965104105031E+03
  1.182732716027E+01  3.780000000000E+01  3.718568753144E+00  1.603201821278E-01 -1.501808728878E+00 -4.309003873356E+00 -1.636445393617E+01 -3.282070002514E+03  7.836975412419E+03
  1.185702738484E+01  3.790000000000E+01  3.720543961599E+00  6.585505449360E-02 -1.501808728878E+00 -4.335828386160E+00 -1.630422013635E+01 -3.417661102293E+03  7.324645430847E+03
  1.188672780424E+01  3.800000000000E+01  3.721322145106E+00  2.594566977875E-02 -1.501808728878E+00 -4.363363118089E+00 -1.624671287836E+01 -3.473189705709E+03  7.116940136956E+03
  1.191642829982E+01  3.810000000000E+01  3.721625105070E+00  1.010118419805E-02 -1.501808728878E+00 -4.391183175614E+00 -1.619028960286E+01 -3.495142169424E+03  7.035636809448E+03
  1.194612882496E+01  3.820000000000E+01  3.721742600555E+00  3.917516047541E-03 -1.501808728878E+00 -4.419115359996E+00 -1.613428805094E+01 -3.503726218524E+03  7.004158504446E+03
  1.197582936157E+01  3.830000000000E+01  3.721788194982E+00  1.520210168191E-03 -1.501808728878E+00 -4.447091302063E+00 -1.607844945302E+01 -3.507067856988E+03  6.992022674584E+03
  1.200552990177E+01  3.840000000000E+01  3.721792769390E+00  1.525205726413E-04 -1.501808728878E+00 -4.475080972266E+00 -1.602266157050E+01 -3.507402609406E+03  6.990813509380E+03
  1.203523044197E+01  3.850000000000E+01  3.721792769390E+00  0.000000000000E+00 -1.501808728878E+00 -4.503070642475E+00 -1.596687368801E+01 -3.507402609406E+03  6.990813509380E+03
  1.206493098218E+01  3.860000000000E+01  3.721792769390E+00  0.000000000000E+00 -1.501808728878E+00 -4.531060312684E+00 -1.591108580552E+01 -3.507402609406E+03  6.990813509380E+03
  1.209463152238E+01  3.870000000000E+01  3.721792769390E+00  0.000000000000E+00 -1.501808728878E+00 -4.559049982893E+00 -1.585529792303E+01 -3.507402609406E+03  6.990813509380E+03
  1.212433206258E+01  3.880000000000E+01  3.721792769390E+00  0.000000000000E+00 -1.501808728878E+00 -4.587039653102E+00 -1.579951004054E+01 -3.507402609406E+03  6.990813509380E+03
  1.215403260278E+01  3.890000000000E+01  3.721792769390E+00  0.000000000000E+00 -1.501808728878E+00 -4.615029323311E+00 -1.574372215805E+01 -3.507402609406E+03  6.990813509380E+03
  1.218373314298E+01  3.900000000000E+01  3.721792769390E+00  0.000000000000E+00 -1.501808728878E+00 -4.643018993520E+00 -1.568793427556E+01 -3.507402609406E+03  6.990813509380E+03
  1.221343368318E+01  3.910000000000E+01  3.721792769390E+00  0.000000000000E+00 -1.501808728878E+00 -4.671008663729E+00 -1.563214639307E+01 -3.507402609406E+03  6.990813509380E+03
  1.224313422338E+01  3.920000000000E+01  3.721792769390E+00  0.000000000000E+00 -1.501808728878E+00 -4.698998333937E+00 -1.557635851058E+01 -3.507402609406E+03  6.990813509380E+03
  1.227283476358E+01  3.930000000000E+01  3.721792769390E+00  0.000000000000E+00 -1.501808728878E+00 -4.726988004146E+00 -1.552057062809E+01 -3.507402609406E+03  6.990813509380E+03
  1.230253530378E+01  3.940000000000E+01  3.721792769390E+00  0.000000000000E+00 -1.501808728878E+00 -4.754977674355E+00 -1.546478274560E+01 -3.507402609406E+03  6.990813509380E+03
  1.233223584398E+01  3.950000000000E+01  3.721792769390E+00  0.000000000000E+00 -1.501808728878E+00 -4.782967344564E+00 -1.540899486311E+01 -3.507402609406E+03  6.990813509380E+03
  1.236193638418E+01  3.960000000000E+01  3.721792769390E+00  0.000000000000E+00 -1.501808728878E+00 -4.810957014773E+00 -1.535320698062E+01 -3.507402609406E+03  6.990813509380E+03
  1.239163692439E+01  3.970000000000E+01  3.721792769390E+00  0.000000000000E+00 -1.501808728878E+00 -4.838946684982E+00 -1.529741909813E+01 -3.507402609406E+03  6.990813509380E+03
  1.242133746459E+01  3.980000000000E+01  3.721792769390E+00  0.000000000000E+00 -1.501808728878E+00 -4.866936355191E+00 -1.524163121564E+01 -3.507402609406E+03  6.990813509380E+03
  1.245103800479E+01  3.990000000000E+01  3.721792769390E+00  0.000000000000E+00 -1.501808728878E+00 -4.894926025400E+00 -1.518584333315E+01 -3.507402609406E+03  6.990813509380E+03
  1.248073854499E+01  4.000000000000E+01  3.721792769390E+00  0.000000000000E+00 -1.501808728878E+00 -4.922915695609E+00 -1.513005545066E+01 -3.507402609406E+03  6.990813509380E+03
  1.251043908519E+01  4.010000000000E+01  3.721792769390E+00  0.000000000000E+00 -1.501808728878E+00 -4.950905365818E+00 -1.507426756817E+01 -3.507402609406E+03  6.990813509380E+03
  1.254013962539E+01  4.020000000000E+01  3.721792769390E+00  0.000000000000E+00 -1.501808728878E+00 -4.978895036027E+00 -1.501847968568E+01 -3.507402609406E+03  6.990813509380E+03
  1.256984016559E+01  4.030000000000E+01  3.721792769390E+00  0.000000000000E+00 -1.501808728878E+00 -5.006884706236E+00 -1.496269180319E+01 -3.507402609406E+03  6.990813509380E+03
  1.259954070579E+01  4.040000000000E+01  3.721792769390E+00  0.000000000000E+00 -1.501808728878E+00 -5.034874376445E+00 -1.490690392070E+01 -3.507402609406E+03  6.990813509380E+03
  1.262924124599E+01  4.050000000000E+01  3.721808109040E+00  5.118556027169E-04 -1.501808728878E+00 -5.062864046654E+00 -1.485111603821E+01 -3.506221585920E+03  6.994276918776E+03
  1.265894179760E+01  4.060000000000E+01  3.721957802683E+00  4.995084112339E-03 -1.501808728878E+00 -5.090803265385E+00 -1.479518348806E+01 -3.494101893297E+03  7.029628287051E+03
  1.268864238492E+01  4.070000000000E+01  3.722338527676E+00  1.270445464168E-02 -1.501808728878E+00 -5.118577656255E+00 -1.473878159985E+01 -3.462319501564E+03  7.121488063086E+03
  1.271834306356E+01  4.080000000000E+01  3.723312763600E+00  3.250955107472E-02 -1.501808728878E+00 -5.145927289801E+00 -1.468118115181E+01 -3.381530943957E+03  7.352865613477E+03
  1.274804397337E+01  4.090000000000E+01  3.725751248861E+00  8.137084661127E-02 -1.501808728878E+00 -5.172229974911E+00 -1.462065493349E+01 -3.188957461494E+03  7.899402484478E+03
  1.277774544101E+01  4.100000000000E+01  3.731427751922E+00  1.894195503491E-01 -1.501808728878E+00 -5.196240519360E+00 -1.455379363662E+01 -2.803941495964E+03  8.982283366366E+03
  1.280744809594E+01  4.110000000000E+01  3.742566193645E+00  3.716562757541E-01 -1.501808728878E+00 -5.216444583290E+00 -1.447656806839E+01 -2.270860459698E+03  1.046825672630E+04
  1.283715278207E+01  4.120000000000E+01  3.759689342781E+00  5.712892593596E-01 -1.501808728878E+00 -5.232461344394E+00 -1.438821581777E+01 -1.795916789092E+03  1.178048425442E+04
  1.286686024340E+01  4.130000000000E+01  3.781360717884E+00  7.229712492244E-01 -1.501808728878E+00 -5.245240695837E+00 -1.429163011996E+01 -1.473092298549E+03  1.266447487398E+04
  1.289657095935E+01  4.140000000000E+01  3.805855020936E+00  8.170973829509E-01 -1.501808728878E+00 -5.255978870421E+00 -1.419026755723E+01 -1.288338002783E+03  1.316589699881E+04
  1.292628516959E+01  4.150000000000E+01  3.831848512051E+00  8.670775875196E-01 -1.501808728878E+00 -5.265601252028E+00 -1.408673824757E+01 -1.196431985465E+03  1.341312617322E+04
  1.295600295393E+01  4.160000000000E+01  3.858543495126E+00  8.904609647686E-01 -1.501808728878E+00 -5.274669749305E+00 -1.398259681815E+01 -1.156524806594E+03  1.351952978611E+04
  1.298572430435E+01  4.170000000000E+01  3.885503922838E+00  8.993062076744E-01 -1.501808728878E+00 -5.283492017267E+00 -1.387867526036E+01 -1.146143394262E+03  1.354698500667E+04
  1.301544916592E+01  4.180000000000E+01  3.912450721259E+00  8.988445878394E-01 -1.501808728878E+00 -5.292263591377E+00 -1.377548426427E+01 -1.159180121314E+03  1.351293221793E+04
  1.304517745033E+01  4.190000000000E+01  3.939091576452E+00  8.886301337309E-01 -1.501808728878E+00 -5.301186220012E+00 -1.367353239485E+01 -1.204595461701E+03  1.339529748520E+04
  1.307490902694E+01  4.200000000000E+01  3.964929620348E+00  8.618341650660E-01 -1.501808728878E+00 -5.310598782046E+00 -1.357366069814E+01 -1.312578504765E+03  1.311812842576E+04
  1.310464368551E+01  4.210000000000E+01  3.988950275309E+00  8.011802424594E-01 -1.501808728878E+00 -5.321186206910E+00 -1.347755681001E+01 -1.549244721382E+03  1.251619416446E+04
  1.313438105472E+01  4.220000000000E+01  4.009188728227E+00  6.749732599321E-01 -1.501808728878E+00 -5.334250031784E+00 -1.338839478499E+01 -2.005324638739E+03  1.136674519220E+04
  1.316412050098E+01  4.230000000000E+01  4.023154962441E+00  4.657375617539E-01 -1.501808728878E+00 -5.351379166973E+00 -1.330994593434E+01 -2.627781523183E+03  9.811826915280E+03
  1.319386121124E+01  4.240000000000E+01  4.030539963962E+00  2.462544023097E-01 -1.501808728878E+00 -5.372772996804E+00 -1.324241897297E+01 -3.127085239257E+03  8.575195263442E+03
  1.322360252704E+01  4.250000000000E+01  4.033758159152E+00  1.073105729984E-01 -1.501808728878E+00 -5.396925738140E+00 -1.318184788427E+01 -3.388343191413E+03  7.933739561955E+03
  1.325334409492E+01  4.260000000000E+01  4.035050940333E+00  4.310813950327E-02 -1.501808728878E+00 -5.422378298297E+00 -1.312451778007E+01 -3.500347191218E+03  7.661185651239E+03
  1.328308576241E+01  4.270000000000E+01  4.035556300302E+00  1.685150314832E-02 -1.501808728878E+00 -5.448367574385E+00 -1.306851304515E+01 -3.545140274776E+03  7.553164258454E+03
  1.331282746863E+01  4.280000000000E+01  4.035752246089E+00  6.533953838076E-03 -1.501808728878E+00 -5.474568972223E+00 -1.301302730519E+01 -3.562673688623E+03  7.511262372924E+03
  1.334256918985E+01  4.290000000000E+01  4.035828082369E+00  2.528825284302E-03 -1.501808728878E+00 -5.500853120378E+00 -1.295774219830E+01 -3.569493683074E+03  7.495110030760E+03
  1.337231091687E+01  4.300000000000E+01  4.035854574919E+00  8.834208279488E-04 -1.501808728878E+00 -5.527169392276E+00 -1.290253427196E+01 -3.571871704231E+03  7.489527371818E+03
  1.340205264502E+01  4.310000000000E+01  4.035854574919E+00  0.000000000000E+00 -1.501808728878E+00 -5.553491856385E+00 -1.284734113185E+01 -3.571871704231E+03  7.489527371818E+03
  1.343179437316E+01  4.320000000000E+01  4.035854574919E+00  0.000000000000E+00 -1.501808728878E+00 -5.579814320494E+00 -1.279214799174E+01 -3.571871704231E+03  7.489527371818E+03
  1.346153610131E+01  4.330000000000E+01  4.035854574919E+00  0.000000000000E+00 -1.501808728878E+00 -5.606136784603E+00 -1.273695485163E+01 -3.571871704231E+03  7.489527371818E+03
  1.349127782945E+01  4.340000000000E+01  4.035854574919E+00  0.000000000000E+00 -1.501808728878E+00 -5.632459248712E+00 -1.268176171151E+01 -3.571871704231E+03  7.489527371818E+03
  1.352101955760E+01  4.350000000000E+01  4.035854574919E+00  0.000000000000E+00 -1.501808728878E+00 -5.658781712821E+00 -1.262656857140E+01 -3.571871704231E+03  7.489527371818E+03
  1.355076128575E+01  4.360000000000E+01  4.035854574919E+00  0.000000000000E+00 -1.501808728878E+00 -5.685104176930E+00 -1.257137543129E+01 -3.571871704231E+03  7.489527371818E+03
  1.358050301389E+01  4.370000000000E+01  4.035854574919E+00  0.000000000000E+00 -1.501808728878E+00 -5.711426641039E+00 -1.251618229117E+01 -3.571871704231E+03  7.489527371818E+03
  1.361024474204E+01  4.380000000000E+01  4.035854574919E+00  0.000000000000E+00 -1.501808728878E+00 -5.737749105148E+00 -1.246098915106E+01 -3.571871704231E+03  7.489527371818E+03
  1.363998647018E+01  4.390000000000E+01  4.035854574919E+00  0.000000000000E+00 -1.501808728878E+00 -5.764071569257E+00 -1.240579601095E+01 -3.571871704231E+03  7.489527371818E+03
  1.366972819833E+01  4.400000000000E+01  4.035854574919E+00  0.000000000000E+00 -1.501808728878E+00 -5.790394033366E+00 -1.235060287083E+01 -3.571871704231E+03  7.489527371818E+03
  1.369946992647E+01  4.410000000000E+01  4.035854574919E+00  0.000000000000E+00 -1.501808728878E+00 -5.816716497475E+00 -1.229540973072E+01 -3.571871704231E+03  7.489527371818E+03
  1.372921165462E+01  4.420000000000E+01  4.035854574919E+00  0.000000000000E+00 -1.501808728878E+00 -5.843038961584E+00 -1.224021659061E+01 -3.571871704231E+03  7.489527371818E+03
  1.375895338276E+01  4.430000000000E+01  4.035854574919E+00  0.000000000000E+00 -1.501808728878E+00 -5.869361425693E+00 -1.218502345049E+01 -3.571871704231E+03  7.489527371818E+03
  1.378869511091E+01  4.440000000000E+01  4.035854574919E+00  0.000000000000E+00 -1.501808728878E+00 -5.895683889802E+00 -1.212983031038E+01 -3.571871704231E+03  7.489527371818E+03
  1.381843683905E+01  4.450000000000E+01  4.035854574919E+00  0.000000000000E+00 -1.501808728878E+00 -5.922006353911E+00 -1.207463717027E+01 -3.571871704231E+03  7.489527371818E+03
  1.384817856720E+01  4.460000000000E+01  4.035854574919E+00  0.000000000000E+00 -1.501808728878E+00 -5.948328818020E+00 -1.201944403015E+01 -3.571871704231E+03  7.489527371818E+03
  1.387792029534E+01  4.470000000000E+01  4.035854574919E+00  0.000000000000E+00 -1.501808728878E+00 -5.974651282129E+00 -1.196425089004E+01 -3.571871704231E+03  7.489527371818E+03
  1.390766202349E+01  4.480000000000E+01  4.035854574919E+00  0.000000000000E+00 -1.501808728878E+00 -6.000973746238E+00 -1.190905774993E+01 -3.571871704231E+03  7.489527371818E+03
  1.393740375164E+01  4.490000000000E+01  4.035854574919E+00  0.000000000000E+00 -1.501808728878E+00 -6.027296210347E+00 -1.185386460981E+01 -3.571871704231E+03  7.489527371818E+03
  1.396714547978E+01  4.500000000000E+01  4.035854574919E+00  0.000000000000E+00 -1.501808728878E+00 -6.053618674456E+00 -1.179867146970E+01 -3.571871704231E+03  7.489527371818E+03
  1.399688720793E+01  4.510000000000E+01  4.035854574919E+00  0.000000000000E+00 -1.501808728878E+00 -6.079941138565E+00 -1.174347832959E+01 -3.571871704231E+03  7.489527371818E+03
  1.402662893970E+01  4.520000000000E+01  4.035942789600E+00  2.943262078701E-03 -1.501808728878E+00 -6.106241896738E+00 -1.168824427649E+01 -3.563637109768E+03  7.505338316419E+03
  1.405637068984E+01  4.530000000000E+01  4.036189314497E+00  8.225352406135E-03 -1.501808728878E+00 -6.132427243396E+00 -1.163279376827E+01 -3.539328114124E+03  7.551624011801E+03
  1.408611248675E+01  4.540000000000E+01  4.036821435760E+00  2.109092752277E-02 -1.501808728878E+00 -6.158310839598E+00 -1.157678215117E+01 -3.476581045338E+03  7.670026350172E+03
  1.411585440312E+01  4.550000000000E+01  4.038426628160E+00  5.355787018644E-02 -1.501808728878E+00 -6.183431675115E+00 -1.151936524841E+01 -3.321290816501E+03  7.960439125416E+03
  1.414559661600E+01  4.560000000000E+01  4.042319813009E+00  1.298973548967E-01 -1.501808728878E+00 -6.206764463642E+00 -1.145868722622E+01 -2.978116681906E+03  8.596535599823E+03
  1.417533950412E+01  4.570000000000E+01  4.050670568712E+00  2.786185847138E-01 -1.501808728878E+00 -6.226650463217E+00 -1.139180056062E+01 -2.401958400005E+03  9.655176617405E+03
  1.420508367654E+01  4.580000000000E+01  4.065040338238E+00  4.794099315340E-01 -1.501808728878E+00 -6.241915599352E+00 -1.131674443118E+01 -1.775979203085E+03  1.079536744300E+04
  1.423482978479E+01  4.590000000000E+01  4.084755609902E+00  6.577041931318E-01 -1.501808728878E+00 -6.253040584850E+00 -1.123460491490E+01 -1.302472462200E+03  1.165022199075E+04
  1.426457831170E+01  4.600000000000E+01  4.108093466927E+00  7.785158558847E-01 -1.501808728878E+00 -6.261337688043E+00 -1.114791298485E+01 -1.009713694801E+03  1.217405681101E+04
  1.429432953260E+01  4.610000000000E+01  4.133496699030E+00  8.473871786319E-01 -1.501808728878E+00 -6.268004271570E+00 -1.105890887577E+01 -8.549743414437E+02  1.244846346913E+04
  1.432408356587E+01  4.620000000000E+01  4.159925546845E+00  8.815839282121E-01 -1.501808728878E+00 -6.273844913493E+00 -1.096906778317E+01 -7.829065814014E+02  1.257512266925E+04
  1.435384043647E+01  4.630000000000E+01  4.186796997890E+00  8.963397497573E-01 -1.501808728878E+00 -6.279311206478E+00 -1.087920160483E+01 -7.560004886141E+02  1.262199769558E+04
  1.438360011985E+01  4.640000000000E+01  4.213777910922E+00  8.999859941357E-01 -1.501808728878E+00 -6.284659749721E+00 -1.078975889241E+01 -7.583411437182E+02  1.261799699936E+04
  1.441336256182E+01  4.650000000000E+01  4.240599389339E+00  8.946626494955E-01 -1.501808728878E+00 -6.290094572604E+00 -1.070108289627E+01 -7.919244461825E+02  1.256064494485E+04
  1.444312767936E+01  4.660000000000E+01  4.266883688836E+00  8.767357454933E-01 -1.501808728878E+00 -6.295897922218E+00 -1.061363647619E+01 -8.793634962337E+02  1.241264263485E+04
  1.447289534192E+01  4.670000000000E+01  4.291897977783E+00  8.343562872830E-01 -1.501808728878E+00 -6.302612142751E+00 -1.052830037263E+01 -1.077188575649E+03  1.208082043852E+04
  1.450266532336E+01  4.680000000000E+01  4.314151830421E+00  7.422498179418E-01 -1.501808728878E+00 -6.311328894378E+00 -1.044683266088E+01 -1.487945545399E+03  1.139809775770E+04
  1.453243721981E+01  4.690000000000E+01  4.331220726030E+00  5.692725620260E-01 -1.501808728878E+00 -6.323785246356E+00 -1.037198454862E+01 -2.163251367994E+03  1.028581814452E+04
  1.456221042507E+01  4.700000000000E+01  4.341466456077E+00  3.416887648064E-01 -1.501808728878E+00 -6.341117822400E+00 -1.030542856561E+01 -2.858248536127E+03  9.151134586658E+03
  1.459198432906E+01  4.710000000000E+01  4.346304735169E+00  1.613503707602E-01 -1.501808728878E+00 -6.362352287777E+00 -1.024537571188E+01 -3.290398793716E+03  8.451627443394E+03
  1.462175854046E+01  4.720000000000E+01  4.348304408989E+00  6.668679742107E-02 -1.501808728878E+00 -6.385664408853E+00 -1.018874233658E+01 -3.488992941740E+03  8.132982371123E+03
  1.465153287533E+01  4.730000000000E+01  4.349090642373E+00  2.622014234571E-02 -1.501808728878E+00 -6.409872046022E+00 -1.013356803249E+01 -3.569945669383E+03  8.004256653087E+03
  1.468130725830E+01  4.740000000000E+01  4.349395523039E+00  1.016753254063E-02 -1.501808728878E+00 -6.434437183010E+00 -1.007897075732E+01 -3.601735641338E+03  7.954166716466E+03
  1.471108165989E+01  4.750000000000E+01  4.349513543004E+00  3.935887253249E-03 -1.501808728878E+00 -6.459142024364E+00 -1.002459690195E+01 -3.614113693118E+03  7.934842306752E+03
  1.474085606869E+01  4.760000000000E+01  4.349559230182E+00  1.523642176635E-03 -1.501808728878E+00 -6.483901128024E+00 -9.970309029999E+00 -3.618906011091E+03  7.927428138283E+03
  1.477063047975E+01  4.770000000000E+01  4.349563807771E+00  1.526602870908E-04 -1.501808728878E+00 -6.508677200390E+00 -9.916047849145E+00 -3.619386710864E+03  7.926688052149E+03
  1.480040489080E+01  4.780000000000E+01  4.349563807771E+00  0.000000000000E+00 -1.501808728878E+00 -6.533453272763E+00 -9.861786668303E+00 -3.619386710864E+03  7.926688052149E+03
  1.483017930185E+01  4.790000000000E+01  4.349563807771E+00  0.000000000000E+00 -1.501808728878E+00 -6.558229345136E+00 -9.807525487460E+00 -3.619386710864E+03  7.926688052149E+03
  1.485995371291E+01  4.800000000000E+01  4.349563807771E+00  0.000000000000E+00 -1.501808728878E+00 -6.583005417509E+00 -9.753264306617E+00 -3.619386710864E+03  7.926688052149E+03
  1.488972812396E+01  4.810000000000E+01  4.349563807771E+00  0.000000000000E+00 -1.501808728878E+00 -6.607781489882E+00 -9.699003125775E+00 -3.619386710864E+03  7.926688052149E+03
  1.491950253502E+01  4.820000000000E+01  4.349563807771E+00  0.000000000000E+00 -1.501808728878E+00 -6.632557562255E+00 -9.644741944932E+00 -3.619386710864E+03  7.926688052149E+03
  1.494927694607E+01  4.830000000000E+01  4.349563807771E+00  0.000000000000E+00 -1.501808728878E+00 -6.657333634628E+00 -9.590480764090E+00 -3.619386710864E+03  7.926688052149E+03
  1.497905135712E+01  4.840000000000E+01  4.349563807771E+00  0.000000000000E+00 -1.501808728878E+00 -6.682109707001E+00 -9.536219583247E+00 -3.619386710864E+03  7.926688052149E+03
  1.500000000000E+01  4.847035787488E+01  4.349563807771E+00  0.000000000000E+00 -1.501808728878E+00 -6.699541625002E+00 -9.498042569519E+00 -3.619386710864E+03  7.926688052149E+03
