  0.7293519     -1.4843291E-04
  0.7587038     -3.7726166E-04
  0.7880557     -7.4010622E-04
  0.8174077     -1.3163488E-03
  0.8467596     -2.1932244E-03
  0.8761114     -3.4160432E-03
  0.9054633     -4.9477401E-03
  0.9348152     -6.6829245E-03
  0.9641671     -8.5017337E-03
  0.9935189     -1.0270839E-02
   1.022871     -1.1847470E-02
   1.052223     -1.3123064E-02
   1.081575     -1.4054801E-02
   1.110927     -1.4683717E-02
   1.140278     -1.5096369E-02
   1.169630     -1.5373941E-02
   1.198982     -1.5572619E-02
   1.228334     -1.5725972E-02
   1.257686     -1.5854577E-02
   1.287038     -1.5970577E-02
   1.316390     -1.6081568E-02
   1.345742     -1.6193768E-02
   1.375094     -1.6311878E-02
   1.404446     -1.6440101E-02
   1.433798     -1.6582277E-02
   1.463150     -1.6742373E-02
   1.492501     -1.6925279E-02
   1.521853     -1.7136764E-02
   1.551205     -1.7383317E-02
   1.580557     -1.7673926E-02
   1.609909     -1.8020978E-02
   1.639261     -1.8440779E-02
   1.668613     -1.8956421E-02
   1.697965     -1.9600768E-02
   1.727317     -2.0421989E-02
   1.756669     -2.1492517E-02
   1.786021     -2.2923816E-02
   1.815372     -2.4894413E-02
   1.844724     -2.7699145E-02
   1.874076     -3.1837232E-02
   1.903427     -3.8175553E-02
   1.932778     -4.8187427E-02
   1.962126     -6.4123832E-02
   1.991468     -8.8648632E-02
   2.020802     -0.1234669    
   2.050124     -0.1679251    
   2.079436     -0.2191363    
   2.108744     -0.2732224    
   2.138054     -0.3261594    
   2.167371     -0.3739642    
   2.196698     -0.4131989    
   2.226034     -0.4421646    
   2.255377     -0.4616444    
   2.284722     -0.4740519    
   2.314068     -0.4818792    
   2.343415     -0.4869224    
   2.372762     -0.4902866    
   2.402109     -0.4926144    
   2.431457     -0.4942830    
   2.460804     -0.4955184    
   2.490151     -0.4964604    
   2.519498     -0.4971988    
   2.548845     -0.4977943    
   2.578192     -0.4982894    
   2.607539     -0.4987160    
   2.636886     -0.4991011    
   2.666234     -0.4994720    
   2.695581     -0.4998620    
   2.724928     -0.5003177    
   2.754275     -0.5009056    
   2.783622     -0.5017113    
   2.812969     -0.5028115    
   2.842316     -0.5042281    
   2.871664     -0.5059177    
   2.901011     -0.5077724    
   2.930358     -0.5096530    
   2.959705     -0.5114281    
   2.989052     -0.5129765    
   3.018399     -0.5142125    
   3.047746     -0.5151197    
   3.077094     -0.5157498    
   3.106441     -0.5161831    
   3.135788     -0.5164899    
   3.165135     -0.5167070    
   3.194482     -0.5168691    
   3.223829     -0.5170112    
   3.253176     -0.5171454    
   3.282524     -0.5172799    
   3.311871     -0.5174211    
   3.341218     -0.5175746    
   3.370565     -0.5177451    
   3.399912     -0.5179381    
   3.429259     -0.5181599    
   3.458606     -0.5184182    
   3.487953     -0.5187228    
   3.517301     -0.5190871    
   3.546648     -0.5195291    
   3.575995     -0.5200745    
   3.605342     -0.5207598    
   3.634689     -0.5216392    
   3.664036     -0.5227951    
   3.693383     -0.5243560    
   3.722731     -0.5265309    
   3.752078     -0.5296689    
   3.781425     -0.5343621    
   3.810772     -0.5416129    
   3.840119     -0.5530334    
   3.869467     -0.5708535    
   3.898814     -0.5973545    
   3.928161     -0.6336525    
   3.957508     -0.6787472    
   3.986855     -0.7297735    
   4.016202     -0.7829658    
   4.045549     -0.8343656    
   4.074896     -0.8801724    
   4.104244     -0.9173776    
   4.133592     -0.9447621    
   4.162940     -0.9632704    
   4.192288     -0.9751504    
   4.221637     -0.9826825    
   4.250985     -0.9875400    
   4.280334     -0.9907761    
   4.309682     -0.9930106    
   4.339030     -0.9946071    
   4.368379     -0.9957841    
   4.397727     -0.9966753    
   4.427076     -0.9973660    
   4.456424     -0.9979123    
   4.485773     -0.9983520    
   4.515121     -0.9987235    
   4.544469     -0.9990464    
   4.573818     -0.9993231    
   4.603166     -0.9995638    
   4.632514     -0.9997770    
   4.661863     -0.9999685    
   4.691211      -1.000143    
   4.720560      -1.000304    
   4.749908      -1.000457    
   4.779256      -1.000603    
   4.808605      -1.000745    
   4.837954      -1.000887    
   4.867302      -1.001031    
   4.896650      -1.001180    
   4.925999      -1.001337    
   4.955347      -1.001505    
   4.984695      -1.001687    
   5.014044      -1.001886    
   5.043392      -1.002104    
   5.072741      -1.002335    
   5.102089      -1.002588    
   5.131437      -1.002890    
   5.160786      -1.003255    
   5.190135      -1.003699    
   5.219483      -1.004250    
   5.248831      -1.004944    
   5.278180      -1.005837    
   5.307528      -1.007011    
   5.336876      -1.008597    
   5.366225      -1.010805    
   5.395573      -1.013985    
   5.424921      -1.018736    
   5.454269      -1.026081    
   5.483616      -1.037711    
   5.512960      -1.056057    
   5.542299      -1.083628    
   5.571628      -1.121506    
   5.600947      -1.168309    
   5.630259      -1.220767    
   5.659568      -1.274925    
   5.688880      -1.326742    
   5.718202      -1.372305    
   5.747534      -1.408529    
   5.776876      -1.434411    
   5.806223      -1.451386    
   5.835574      -1.462074    
   5.864925      -1.468826    
   5.894277      -1.473213    
   5.923628      -1.476168    
   5.952980      -1.478234    
   5.982332      -1.479727    
   6.011683      -1.480838    
   6.041035      -1.481686    
   6.070387      -1.482349    
   6.099739      -1.482877    
   6.129091      -1.483306    
   6.158442      -1.483659    
   6.187795      -1.483954    
   6.217146      -1.484204    
   6.246498      -1.484420    
   6.275850      -1.484608    
   6.305202      -1.484775    
   6.334554      -1.484925    
   6.363905      -1.485064    
   6.393257      -1.485195    
   6.422609      -1.485325    
   6.451961      -1.485457    
   6.481313      -1.485601    
   6.510664      -1.485770    
   6.540017      -1.485982    
   6.569368      -1.486271    
   6.598720      -1.486693    
   6.628072      -1.487325    
   6.657424      -1.488253    
   6.686776      -1.489516    
   6.716127      -1.491066    
   6.745479      -1.492798    
   6.774831      -1.494598    
   6.804183      -1.496333    
   6.833535      -1.497872    
   6.862886      -1.499109    
   6.892238      -1.500003    
   6.921590      -1.500595    
   6.950942      -1.500970    
   6.980294      -1.501207    
   7.009645      -1.501360    
   7.038997      -1.501463    
   7.068349      -1.501534    
   7.097701      -1.501586    
   7.127053      -1.501624    
   7.156405      -1.501653    
   7.185757      -1.501675    
   7.215109      -1.501693    
   7.244463      -1.501708    
   7.273819      -1.501719    
   7.303182      -1.501729    
   7.332552      -1.501737    
   7.361933      -1.501744    
   7.391325      -1.501750    
   7.420728      -1.501755    
   7.450143      -1.501759    
   7.479570      -1.501763    
   7.509007      -1.501766    
   7.538455      -1.501769    
   7.567912      -1.501771    
   7.597378      -1.501773    
   7.626852      -1.501775    
   7.656330      -1.501777    
   7.685811      -1.501779    
   7.715292      -1.501780    
   7.744775      -1.501782    
   7.774257      -1.501783    
   7.803739      -1.501784    
   7.833221      -1.501785    
   7.862704      -1.501785    
   7.892186      -1.501785    
   7.921668      -1.501785    
   7.951150      -1.501785    
   7.980633      -1.501785    
   8.010115      -1.501785    
   8.039598      -1.501785    
   8.069079      -1.501785    
   8.098562      -1.501785    
   8.128044      -1.501785    
   8.157527      -1.501785    
   8.187009      -1.501785    
   8.216491      -1.501785    
   8.245974      -1.501785    
   8.275455      -1.501785    
   8.304938      -1.501785    
   8.334420      -1.501785    
   8.363903      -1.501785    
   8.393385      -1.501785    
   8.422867      -1.501785    
   8.452350      -1.501785    
   8.481832      -1.501785    
   8.511314      -1.501785    
   8.540796      -1.501785    
   8.570279      -1.501785    
   8.599762      -1.501785    
   8.629247      -1.501785    
   8.658732      -1.501785    
   8.688224      -1.501785    
   8.717721      -1.501785    
   8.747225      -1.501785    
   8.776737      -1.501785    
   8.806258      -1.501785    
   8.835787      -1.501785    
   8.865323      -1.501785    
   8.894868      -1.501785    
   8.924420      -1.501785    
   8.953979      -1.501785    
   8.983544      -1.501785    
   9.013116      -1.501785    
   9.042690      -1.501785    
   9.072266      -1.501785    
   9.101843      -1.501785    
   9.131420      -1.501785    
   9.160997      -1.501785    
   9.190575      -1.501785    
   9.220152      -1.501785    
   9.249729      -1.501785    
   9.279306      -1.501785    
   9.308884      -1.501785    
   9.338461      -1.501785    
   9.368038      -1.501785    
   9.397615      -1.501785    
   9.427193      -1.501785    
   9.456770      -1.501785    
   9.486347      -1.501785    
   9.515925      -1.501785    
   9.545503      -1.501785    
   9.575080      -1.501785    
   9.604657      -1.501785    
   9.634234      -1.501785    
   9.663812      -1.501785    
   9.693389      -1.501785    
   9.722966      -1.501785    
   9.752543      -1.501785    
   9.782121      -1.501785    
   9.811698      -1.501785    
   9.841275      -1.501785    
   9.870852      -1.501785    
   9.900430      -1.501785    
   9.930007      -1.501785    
   9.959585      -1.501785    
   9.989162      -1.501785    
   10.01874      -1.501785    
   10.04832      -1.501785    
   10.07791      -1.501785    
   10.10750      -1.501785    
   10.13709      -1.501785    
   10.16669      -1.501785    
   10.19630      -1.501785    
   10.22591      -1.501785    
   10.25553      -1.501785    
   10.28516      -1.501785    
   10.31479      -1.501785    
   10.34442      -1.501785    
   10.37406      -1.501785    
   10.40370      -1.501785    
   10.43335      -1.501785    
   10.46300      -1.501785    
   10.49264      -1.501785    
   10.52229      -1.501785    
   10.55194      -1.501785    
   10.58158      -1.501785    
   10.61123      -1.501785    
   10.64088      -1.501785    
   10.67053      -1.501785    
   10.70017      -1.501785    
   10.72982      -1.501785    
   10.75947      -1.501785    
   10.78911      -1.501785    
   10.81876      -1.501785    
   10.84841      -1.501785    
   10.87806      -1.501785    
   10.90770      -1.501785    
   10.93735      -1.501785    
   10.96700      -1.501785    
   10.99664      -1.501785    
   11.02629      -1.501785    
   11.05594      -1.501785    
   11.08558      -1.501785    
   11.11523      -1.501785    
   11.14488      -1.501785    
   11.17453      -1.501785    
   11.20417      -1.501785    
   11.23382      -1.501785    
   11.26347      -1.501785    
   11.29311      -1.501785    
   11.32276      -1.501785    
   11.35241      -1.501785    
   11.38206      -1.501785    
   11.41171      -1.501785    
   11.44136      -1.501785    
   11.47101      -1.501785    
   11.50067      -1.501785    
   11.53033      -1.501785    
   11.56000      -1.501785    
   11.58967      -1.501785    
   11.61934      -1.501785    
   11.64902      -1.501785    
   11.67871      -1.501785    
   11.70840      -1.501785    
   11.73809      -1.501785    
   11.76779      -1.501785    
   11.79748      -1.501785    
   11.82718      -1.501785    
   11.85688      -1.501785    
   11.88658      -1.501785    
   11.91628      -1.501785    
   11.94598      -1.501785    
   11.97568      -1.501785    
   12.00538      -1.501785    
   12.03508      -1.501785    
   12.06478      -1.501785    
   12.09448      -1.501785    
   12.12418      -1.501785    
   12.15388      -1.501785    
   12.18358      -1.501785    
   12.21328      -1.501785    
   12.24298      -1.501785    
   12.27268      -1.501785    
   12.30238      -1.501785    
   12.33208      -1.501785    
   12.36178      -1.501785    
   12.39149      -1.501785    
   12.42119      -1.501785    
   12.45089      -1.501785    
   12.48059      -1.501785    
   12.51029      -1.501785    
   12.53999      -1.501785    
   12.56969      -1.501785    
   12.59939      -1.501785    
   12.62909      -1.501785    
   12.65879      -1.501785    
   12.68849      -1.501785    
   12.71819      -1.501785    
   12.74789      -1.501785    
   12.77759      -1.501785    
   12.80729      -1.501785    
   12.83699      -1.501785    
   12.86670      -1.501785    
   12.89641      -1.501785    
   12.92612      -1.501785    
   12.95584      -1.501785    
   12.98556      -1.501785    
   13.01529      -1.501785    
   13.04501      -1.501785    
   13.07474      -1.501785    
   13.10448      -1.501785    
   13.13422      -1.501785    
   13.16395      -1.501785    
   13.19369      -1.501785    
   13.22344      -1.501785    
   13.25318      -1.501785    
   13.28292      -1.501785    
   13.31266      -1.501785    
   13.34240      -1.501785    
   13.37214      -1.501785    
   13.40188      -1.501785    
   13.43163      -1.501785    
   13.46137      -1.501785    
   13.49111      -1.501785    
   13.52085      -1.501785    
   13.55059      -1.501785    
   13.58033      -1.501785    
   13.61007      -1.501785    
   13.63981      -1.501785    
   13.66956      -1.501785    
   13.69930      -1.501785    
   13.72904      -1.501785    
   13.75878      -1.501785    
   13.78852      -1.501785    
   13.81826      -1.501785    
   13.84800      -1.501785    
   13.87775      -1.501785    
   13.90749      -1.501785    
   13.93723      -1.501785    
   13.96697      -1.501785    
   13.99671      -1.501785    
   14.02645      -1.501785    
   14.05619      -1.501785    
   14.08594      -1.501785    
   14.11568      -1.501785    
   14.14542      -1.501785    
   14.17516      -1.501785    
   14.20491      -1.501785    
   14.23465      -1.501785    
   14.26440      -1.501785    
   14.29415      -1.501785    
   14.32390      -1.501785    
   14.35366      -1.501785    
   14.38342      -1.501785    
   14.41318      -1.501785    
   14.44294      -1.501785    
   14.47271      -1.501785    
   14.50248      -1.501785    
   14.53225      -1.501785    
   14.56203      -1.501785    
   14.59180      -1.501785    
   14.62157      -1.501785    
   14.65135      -1.501785    
   14.68112      -1.501785    
   14.71090      -1.501785    
   14.74067      -1.501785    
   14.77044      -1.501785    
   14.80022      -1.501785    
   14.82999      -1.501785    
   14.85977      -1.501785    
   14.88954      -1.501785    
   14.91931      -1.501785    
   14.94909      -1.501785    
   14.97886      -1.501785    
   15.00000      -1.501785    
