  7.029351915139E-01  1.000000000000E-02  2.458500000000E+00  0.000000000000E+00  0.000000000000E+00  3.000000000000E+01  0.000000000000E+00  0.000000000000E+00  0.000000000000E+00
  7.058703830278E-01  2.000000000000E-02  2.458500000000E+00  0.000000000000E+00  0.000000000000E+00  3.000000000000E+01  0.000000000000E+00  0.000000000000E+00  0.000000000000E+00
  7.088055745417E-01  3.000000000000E-02  2.458500000000E+00  0.000000000000E+00  0.000000000000E+00  3.000000000000E+01  0.000000000000E+00  0.000000000000E+00  0.000000000000E+00
  7.117407660556E-01  4.000000000000E-02  2.458500000000E+00  0.000000000000E+00  0.000000000000E+00  3.000000000000E+01  0.000000000000E+00  0.000000000000E+00  0.000000000000E+00
  7.146759575695E-01  5.000000000000E-02  2.458500000000E+00  0.000000000000E+00  0.000000000000E+00  3.000000000000E+01  0.000000000000E+00  0.000000000000E+00  0.000000000000E+00
  7.176111490834E-01  6.000000000000E-02  2.458500000000E+00  0.000000000000E+00  0.000000000000E+00  3.000000000000E+01  0.000000000000E+00  0.000000000000E+00  0.000000000000E+00
  7.205463405973E-01  7.000000000000E-02  2.458500000000E+00  0.000000000000E+00  0.000000000000E+00  3.000000000000E+01  0.000000000000E+00  0.000000000000E+00  0.000000000000E+00
  7.234815321112E-01  8.000000000000E-02  2.458500000000E+00  0.000000000000E+00  0.000000000000E+00  3.000000000000E+01  0.000000000000E+00  0.000000000000E+00  0.000000000000E+00
  7.264167236251E-01  9.000000000000E-02  2.458500000000E+00  0.000000000000E+00  0.000000000000E+00  3.000000000000E+01  0.000000000000E+00  0.000000000000E+00  0.000000000000E+00
  7.293519151390E-01  1.000000000000E-01  2.458500000000E+00  0.000000000000E+00  0.000000000000E+00  3.000000000000E+01  0.000000000000E+00  0.000000000000E+00  0.000000000000E+00
  7.322871066529E-01  1.100000000000E-01  2.458500000000E+00  0.000000000000E+00  0.000000000000E+00  3.000000000000E+01  0.000000000000E+00  0.000000000000E+00  0.000000000000E+00
  7.352222981669E-01  1.200000000000E-01  2.458500000000E+00  0.000000000000E+00  0.000000000000E+00  3.000000000000E+01  0.000000000000E+00  0.000000000000E+00  0.000000000000E+00
  7.381574896808E-01  1.300000000000E-01  2.458500000000E+00  0.000000000000E+00  0.000000000000E+00  3.000000000000E+01  0.000000000000E+00  0.000000000000E+00  0.000000000000E+00
  7.410926811947E-01  1.400000000000E-01  2.458500000000E+00  0.000000000000E+00  0.000000000000E+00  3.000000000000E+01  0.000000000000E+00  0.000000000000E+00  0.000000000000E+00
  7.440278727086E-01  1.500000000000E-01  2.458500000000E+00  0.000000000000E+00  0.000000000000E+00  3.000000000000E+01  0.000000000000E+00  0.000000000000E+00  0.000000000000E+00
  7.469630642225E-01  1.600000000000E-01  2.458500000000E+00  0.000000000000E+00  0.000000000000E+00  3.000000000000E+01  0.000000000000E+00  0.000000000000E+00  0.000000000000E+00
  7.498982557364E-01  1.700000000000E-01  2.458500000000E+00  0.000000000000E+00  0.000000000000E+00  3.000000000000E+01  0.000000000000E+00  0.000000000000E+00  0.000000000000E+00
  7.528334472503E-01  1.800000000000E-01  2.458500000000E+00  0.000000000000E+00  0.000000000000E+00  3.000000000000E+01  0.000000000000E+00  0.000000000000E+00  0.000000000000E+00
  7.557686387642E-01  1.900000000000E-01  2.458500000000E+00  0.000000000000E+00  0.000000000000E+00  3.000000000000E+01  0.000000000000E+00  0.000000000000E+00  0.000000000000E+00
  7.587038302781E-01  2.000000000000E-01  2.458500000000E+00  0.000000000000E+00  0.000000000000E+00  3.000000000000E+01  0.000000000000E+00  0.000000000000E+00  0.000000000000E+00
  7.616390217920E-01  2.100000000000E-01  2.458500000000E+00  0.000000000000E+00  0.000000000000E+00  3.000000000000E+01  0.000000000000E+00  0.000000000000E+00  0.000000000000E+00
  7.645742133059E-01  2.200000000000E-01  2.458500000000E+00  0.000000000000E+00  0.000000000000E+00  3.000000000000E+01  0.000000000000E+00  0.000000000000E+00  0.000000000000E+00
  7.675094048198E-01  2.300000000000E-01  2.458500000000E+00  0.000000000000E+00  0.000000000000E+00  3.000000000000E+01  0.000000000000E+00  0.000000000000E+00  0.000000000000E+00
  7.704445963337E-01  2.400000000000E-01  2.458500000000E+00  0.000000000000E+00  0.000000000000E+00  3.000000000000E+01  0.000000000000E+00  0.000000000000E+00  0.000000000000E+00
  7.733797878476E-01  2.500000000000E-01  2.458500000000E+00  0.000000000000E+00  0.000000000000E+00  3.000000000000E+01  0.000000000000E+00  0.000000000000E+00  0.000000000000E+00
  7.763149793615E-01  2.600000000000E-01  2.458500000000E+00  0.000000000000E+00  0.000000000000E+00  3.000000000000E+01  0.000000000000E+00  0.000000000000E+00  0.000000000000E+00
  7.792501708754E-01  2.700000000000E-01  2.458500000000E+00  0.000000000000E+00  0.000000000000E+00  3.000000000000E+01  0.000000000000E+00  0.000000000000E+00  0.000000000000E+00
  7.821853623893E-01  2.800000000000E-01  2.458500000000E+00  0.000000000000E+00  0.000000000000E+00  3.000000000000E+01  0.000000000000E+00  0.000000000000E+00  0.000000000000E+00
  7.851205539032E-01  2.900000000000E-01  2.458500000000E+00  0.000000000000E+00  0.000000000000E+00  3.000000000000E+01  0.000000000000E+00  0.000000000000E+00  0.000000000000E+00
  7.880557454171E-01  3.000000000000E-01  2.458500000000E+00  0.000000000000E+00  0.000000000000E+00  3.000000000000E+01  0.000000000000E+00  0.000000000000E+00  0.000000000000E+00
  7.909909369310E-01  3.100000000000E-01  2.458500000000E+00  0.000000000000E+00  0.000000000000E+00  3.000000000000E+01  0.000000000000E+00  0.000000000000E+00  0.000000000000E+00
  7.939261284449E-01  3.200000000000E-01  2.458500000000E+00  0.000000000000E+00  0.000000000000E+00  3.000000000000E+01  0.000000000000E+00  0.000000000000E+00  0.000000000000E+00
  7.968613199588E-01  3.300000000000E-01  2.458500000000E+00  0.000000000000E+00  0.000000000000E+00  3.000000000000E+01  0.000000000000E+00  0.000000000000E+00  0.000000000000E+00
  7.997965114727E-01  3.400000000000E-01  2.458500000000E+00  0.000000000000E+00  0.000000000000E+00  3.000000000000E+01  0.000000000000E+00  0.000000000000E+00  0.000000000000E+00
  8.027317029867E-01  3.500000000000E-01  2.458500000000E+00  0.000000000000E+00  0.000000000000E+00  3.000000000000E+01  0.000000000000E+00  0.000000000000E+00  0.000000000000E+00
  8.056668945006E-01  3.600000000000E-01  2.458500000000E+00  0.000000000000E+00  0.000000000000E+00  3.000000000000E+01  0.000000000000E+00  0.000000000000E+00  0.000000000000E+00
  8.086020860145E-01  3.700000000000E-01  2.458500000000E+00  0.000000000000E+00  0.000000000000E+00  3.000000000000E+01  0.000000000000E+00  0.000000000000E+00  0.000000000000E+00
  8.115372775284E-01  3.800000000000E-01  2.458500000000E+00  0.000000000000E+00  0.000000000000E+00  3.000000000000E+01  0.000000000000E+00  0.000000000000E+00  0.000000000000E+00
  8.144724690423E-01  3.900000000000E-01  2.458500000000E+00  0.000000000000E+00  0.000000000000E+00  3.000000000000E+01  0.000000000000E+00  0.000000000000E+00  0.000000000000E+00
  8.174076605562E-01  4.000000000000E-01  2.458500000000E+00  0.000000000000E+00  0.000000000000E+00  3.000000000000E+01  0.000000000000E+00  0.000000000000E+00  0.000000000000E+00
  8.203428520701E-01  4.100000000000E-01  2.458500000000E+00  0.000000000000E+00  0.000000000000E+00  3.000000000000E+01  0.000000000000E+00  0.000000000000E+00  0.000000000000E+00
  8.232780435840E-01  4.200000000000E-01  2.458500000000E+00  0.000000000000E+00  0.000000000000E+00  3.000000000000E+01  0.000000000000E+00  0.000000000000E+00  0.000000000000E+00
  8.262132350979E-01  4.300000000000E-01  2.458500000000E+00  0.000000000000E+00  0.000000000000E+00  3.000000000000E+01  0.000000000000E+00  0.000000000000E+00  0.000000000000E+00
  8.291484266118E-01  4.400000000000E-01  2.458500000000E+00  0.000000000000E+00  0.000000000000E+00  3.000000000000E+01  0.000000000000E+00  0.000000000000E+00  0.000000000000E+00
  8.320836181257E-01  4.500000000000E-01  2.458500000000E+00  0.000000000000E+00  0.000000000000E+00  3.000000000000E+01  0.000000000000E+00  0.000000000000E+00  0.000000000000E+00
  8.350188096396E-01  4.600000000000E-01  2.458500000000E+00  0.000000000000E+00  0.000000000000E+00  3.000000000000E+01  0.000000000000E+00  0.000000000000E+00  0.000000000000E+00
  8.379540011535E-01  4.700000000000E-01  2.458500000000E+00  0.000000000000E+00  0.000000000000E+00  3.000000000000E+01  0.000000000000E+00  0.000000000000E+00  0.000000000000E+00
  8.408891926674E-01  4.800000000000E-01  2.458500000000E+00  0.000000000000E+00  0.000000000000E+00  3.000000000000E+01  0.000000000000E+00  0.000000000000E+00  0.000000000000E+00
  8.438243841813E-01  4.900000000000E-01  2.458500000000E+00  0.000000000000E+00  0.000000000000E+00  3.000000000000E+01  0.000000000000E+00  0.000000000000E+00  0.000000000000E+00
  8.467595756952E-01  5.000000000000E-01  2.458500000000E+00  0.000000000000E+00  0.000000000000E+00  3.000000000000E+01  0.000000000000E+00  0.000000000000E+00  0.000000000000E+00
  8.496947672091E-01  5.100000000000E-01  2.458500000000E+00  0.000000000000E+00  0.000000000000E+00  3.000000000000E+01  0.000000000000E+00  0.000000000000E+00  0.000000000000E+00
  8.526299587230E-01  5.200000000000E-01  2.458500000000E+00  0.000000000000E+00  0.000000000000E+00  3.000000000000E+01  0.000000000000E+00  0.000000000000E+00  0.000000000000E+00
  8.555651502369E-01  5.300000000000E-01  2.458500000000E+00  0.000000000000E+00  0.000000000000E+00  3.000000000000E+01  0.000000000000E+00  0.000000000000E+00  0.000000000000E+00
  8.585003417508E-01  5.400000000000E-01  2.458500000000E+00  0.000000000000E+00  0.000000000000E+00  3.000000000000E+01  0.000000000000E+00  0.000000000000E+00  0.000000000000E+00
  8.614355332647E-01  5.500000000000E-01  2.458500000000E+00  0.000000000000E+00  0.000000000000E+00  3.000000000000E+01  0.000000000000E+00  0.000000000000E+00  0.000000000000E+00
  8.643707247786E-01  5.600000000000E-01  2.458500000000E+00  0.000000000000E+00  0.000000000000E+00  3.000000000000E+01  0.000000000000E+00  0.000000000000E+00  0.000000000000E+00
  8.673059162925E-01  5.700000000000E-01  2.458500000000E+00  0.000000000000E+00  0.000000000000E+00  3.000000000000E+01  0.000000000000E+00  0.000000000000E+00  0.000000000000E+00
  8.702411078065E-01  5.800000000000E-01  2.458500000000E+00  0.000000000000E+00  0.000000000000E+00  3.000000000000E+01  0.000000000000E+00  0.000000000000E+00  0.000000000000E+00
  8.731762993204E-01  5.900000000000E-01  2.458500000000E+00  0.000000000000E+00  0.000000000000E+00  3.000000000000E+01  0.000000000000E+00  0.000000000000E+00  0.000000000000E+00
  8.761114908343E-01  6.000000000000E-01  2.458500000000E+00  0.000000000000E+00  0.000000000000E+00  3.000000000000E+01  0.000000000000E+00  0.000000000000E+00  0.000000000000E+00
  8.790466823482E-01  6.100000000000E-01  2.458500000000E+00  0.000000000000E+00  0.000000000000E+00  3.000000000000E+01  0.000000000000E+00  0.000000000000E+00  0.000000000000E+00
  8.819818738621E-01  6.200000000000E-01  2.458500000000E+00  0.000000000000E+00  0.000000000000E+00  3.000000000000E+01  0.000000000000E+00  0.000000000000E+00  0.000000000000E+00
  8.849170653760E-01  6.300000000000E-01  2.458500000000E+00  0.000000000000E+00  0.000000000000E+00  3.000000000000E+01  0.000000000000E+00  0.000000000000E+00  0.000000000000E+00
  8.878522568899E-01  6.400000000000E-01  2.458500000000E+00  0.000000000000E+00  0.000000000000E+00  3.000000000000E+01  0.000000000000E+00  0.000000000000E+00  0.000000000000E+00
  8.907874484038E-01  6.500000000000E-01  2.458500000000E+00  0.000000000000E+00  0.000000000000E+00  3.000000000000E+01  0.000000000000E+00  0.000000000000E+00  0.000000000000E+00
  8.937226399177E-01  6.600000000000E-01  2.458500000000E+00  0.000000000000E+00  0.000000000000E+00  3.000000000000E+01  0.000000000000E+00  0.000000000000E+00  0.000000000000E+00
  8.966578314316E-01  6.700000000000E-01  2.458500000000E+00  0.000000000000E+00  0.000000000000E+00  3.000000000000E+01  0.000000000000E+00  0.000000000000E+00  0.000000000000E+00
  8.995930229455E-01  6.800000000000E-01  2.458500000000E+00  0.000000000000E+00  0.000000000000E+00  3.000000000000E+01  0.000000000000E+00  0.000000000000E+00  0.000000000000E+00
  9.025282144594E-01  6.900000000000E-01  2.458500000000E+00  0.000000000000E+00  0.000000000000E+00  3.000000000000E+01  0.000000000000E+00  0.000000000000E+00  0.000000000000E+00
  9.054634059733E-01  7.000000000000E-01  2.458500000000E+00  0.000000000000E+00  0.000000000000E+00  3.000000000000E+01  0.000000000000E+00  0.000000000000E+00  0.000000000000E+00
  9.083985974872E-01  7.100000000000E-01  2.458500000000E+00  0.000000000000E+00  0.000000000000E+00  3.000000000000E+01  0.000000000000E+00  0.000000000000E+00  0.000000000000E+00
  9.113337890011E-01  7.200000000000E-01  2.458500000000E+00  0.000000000000E+00  0.000000000000E+00  3.000000000000E+01  0.000000000000E+00  0.000000000000E+00  0.000000000000E+00
  9.142689805150E-01  7.300000000000E-01  2.458500000000E+00  0.000000000000E+00  0.000000000000E+00  3.000000000000E+01  0.000000000000E+00  0.000000000000E+00  0.000000000000E+00
  9.172041720289E-01  7.400000000000E-01  2.458500000000E+00  0.000000000000E+00  0.000000000000E+00  3.000000000000E+01  0.000000000000E+00  0.000000000000E+00  0.000000000000E+00
  9.201393635428E-01  7.500000000000E-01  2.458500000000E+00  0.000000000000E+00  0.000000000000E+00  3.000000000000E+01  0.000000000000E+00  0.000000000000E+00  0.000000000000E+00
  9.230745550567E-01  7.600000000000E-01  2.458500000000E+00  0.000000000000E+00  0.000000000000E+00  3.000000000000E+01  0.000000000000E+00  0.000000000000E+00  0.000000000000E+00
  9.260097465706E-01  7.700000000000E-01  2.458500000000E+00  0.000000000000E+00  0.000000000000E+00  3.000000000000E+01  0.000000000000E+00  0.000000000000E+00  0.000000000000E+00
  9.289449380845E-01  7.800000000000E-01  2.458500000000E+00  0.000000000000E+00  0.000000000000E+00  3.000000000000E+01  0.000000000000E+00  0.000000000000E+00  0.000000000000E+00
  9.318801295984E-01  7.900000000000E-01  2.458500000000E+00  0.000000000000E+00  0.000000000000E+00  3.000000000000E+01  0.000000000000E+00  0.000000000000E+00  0.000000000000E+00
  9.348153211123E-01  8.000000000000E-01  2.458500000000E+00  0.000000000000E+00  0.000000000000E+00  3.000000000000E+01  0.000000000000E+00  0.000000000000E+00  0.000000000000E+00
  9.377505126262E-01  8.100000000000E-01  2.458500000000E+00  0.000000000000E+00  0.000000000000E+00  3.000000000000E+01  0.000000000000E+00  0.000000000000E+00  0.000000000000E+00
  9.406857041402E-01  8.200000000000E-01  2.458500000000E+00  0.000000000000E+00  0.000000000000E+00  3.000000000000E+01  0.000000000000E+00  0.000000000000E+00  0.000000000000E+00
  9.436208956541E-01  8.300000000000E-01  2.458500000000E+00  0.000000000000E+00  0.000000000000E+00  3.000000000000E+01  0.000000000000E+00  0.000000000000E+00  0.000000000000E+00
  9.465560871680E-01  8.400000000000E-01  2.458500000000E+00  0.000000000000E+00  0.000000000000E+00  3.000000000000E+01  0.000000000000E+00  0.000000000000E+00  0.000000000000E+00
  9.494912786819E-01  8.500000000000E-01  2.458500000000E+00  0.000000000000E+00  0.000000000000E+00  3.000000000000E+01  0.000000000000E+00  0.000000000000E+00  0.000000000000E+00
  9.524264701958E-01  8.600000000000E-01  2.458500000000E+00  0.000000000000E+00  0.000000000000E+00  3.000000000000E+01  0.000000000000E+00  0.000000000000E+00  0.000000000000E+00
  9.553616617097E-01  8.700000000000E-01  2.458500000000E+00  0.000000000000E+00  0.000000000000E+00  3.000000000000E+01  0.000000000000E+00  0.000000000000E+00  0.000000000000E+00
  9.582968532236E-01  8.800000000000E-01  2.458500000000E+00  0.000000000000E+00  0.000000000000E+00  3.000000000000E+01  0.000000000000E+00  0.000000000000E+00  0.000000000000E+00
  9.612320447375E-01  8.900000000000E-01  2.458500000000E+00  0.000000000000E+00  0.000000000000E+00  3.000000000000E+01  0.000000000000E+00  0.000000000000E+00  0.000000000000E+00
  9.641672362514E-01  9.000000000000E-01  2.458500000000E+00  0.000000000000E+00  0.000000000000E+00  3.000000000000E+01  0.000000000000E+00  0.000000000000E+00  0.000000000000E+00
  9.671024277653E-01  9.100000000000E-01  2.458500000000E+00  0.000000000000E+00  0.000000000000E+00  3.000000000000E+01  0.000000000000E+00  0.000000000000E+00  0.000000000000E+00
  9.700376192792E-01  9.200000000000E-01  2.458500000000E+00  0.000000000000E+00  0.000000000000E+00  3.000000000000E+01  0.000000000000E+00  0.000000000000E+00  0.000000000000E+00
  9.729728107931E-01  9.300000000000E-01  2.458500000000E+00  0.000000000000E+00  0.000000000000E+00  3.000000000000E+01  0.000000000000E+00  0.000000000000E+00  0.000000000000E+00
  9.759080023070E-01  9.400000000000E-01  2.458500000000E+00  0.000000000000E+00  0.000000000000E+00  3.000000000000E+01  0.000000000000E+00  0.000000000000E+00  0.000000000000E+00
  9.788431938209E-01  9.500000000000E-01  2.458500000000E+00  0.000000000000E+00  0.000000000000E+00  3.000000000000E+01  0.000000000000E+00  0.000000000000E+00  0.000000000000E+00
  9.817783853348E-01  9.600000000000E-01  2.458500000000E+00  0.000000000000E+00  0.000000000000E+00  3.000000000000E+01  0.000000000000E+00  0.000000000000E+00  0.000000000000E+00
  9.847135768487E-01  9.700000000000E-01  2.458500000000E+00  0.000000000000E+00  0.000000000000E+00  3.000000000000E+01  0.000000000000E+00  0.000000000000E+00  0.000000000000E+00
  9.876487683626E-01  9.800000000000E-01  2.458500000000E+00  0.000000000000E+00  0.000000000000E+00  3.000000000000E+01  0.000000000000E+00  0.000000000000E+00  0.000000000000E+00
  9.905839598765E-01  9.900000000000E-01  2.458500000000E+00  0.000000000000E+00  0.000000000000E+00  3.000000000000E+01  0.000000000000E+00  0.000000000000E+00  0.000000000000E+00
  9.935191513904E-01  1.000000000000E+00  2.458500000000E+00  0.000000000000E+00  0.000000000000E+00  3.000000000000E+01  0.000000000000E+00  0.000000000000E+00  0.000000000000E+00
  9.964543429043E-01  1.010000000000E+00  2.458500000000E+00  0.000000000000E+00  0.000000000000E+00  3.000000000000E+01  0.000000000000E+00  0.000000000000E+00  0.000000000000E+00
  9.993895344182E-01  1.020000000000E+00  2.458500000000E+00  0.000000000000E+00  0.000000000000E+00  3.000000000000E+01  0.000000000000E+00  0.000000000000E+00  0.000000000000E+00
  1.000000000000E+00  1.022079815163E+00  2.458500000000E+00  0.000000000000E+00  0.000000000000E+00  3.000000000000E+01  0.000000000000E+00  0.000000000000E+00  0.000000000000E+00
