  7.293519151231E-01  1.000000000000E-01  2.458499995461E+00  1.841615600217E-11 -1.494116670063E-04  3.000007867218E+01  8.139424593922E-04  1.445558061596E+01  1.487084035121E+02
  7.587038300821E-01  2.000000000000E-01  2.458499967986E+00  4.137836585843E-11 -3.799733743354E-04  3.000038569723E+01  3.935245375601E-03  3.920691266903E+01  3.948233324999E+02
  7.880557443635E-01  3.000000000000E-01  2.458499870030E+00  3.848682922229E-11 -7.455786841986E-04  3.000108317090E+01  1.085615487047E-02  8.117779807549E+01  7.952909514205E+02
  8.174076565680E-01  4.000000000000E-01  2.458499598501E+00  9.262198608076E-12 -1.325347983553E-03  3.000242293477E+01  2.374104615821E-02  1.476957959015E+02  1.397273840635E+03
  8.467595638662E-01  5.000000000000E-01  2.458499035625E+00  3.637462378555E-10 -2.205316666899E-03  3.000471015599E+01  4.490200962217E-02  2.387319264777E+02  2.164464950035E+03
  8.761114627950E-01  6.000000000000E-01  2.458498226826E+00  5.532890492371E-10 -3.429257677009E-03  3.000816496303E+01  7.543653424565E-02  3.398596780019E+02  2.933144783021E+03
  9.054633519712E-01  7.000000000000E-01  2.458497459627E+00  1.176717641191E-10 -4.959613543782E-03  3.001277844344E+01  1.141489546083E-01  4.295922517010E+02  3.508080287142E+03
  9.348152337916E-01  8.000000000000E-01  2.458497032321E+00  2.133864325612E-12 -6.691538646449E-03  3.001831819559E+01  1.580132570321E-01  4.934380014410E+02  3.787974940762E+03
  9.641671132780E-01  9.000000000000E-01  2.458497076256E+00  2.242103998682E-12 -8.505695640531E-03  3.002443270286E+01  2.033492270966E-01  5.252310239069E+02  3.755042147740E+03
  9.935189960438E-01  1.000000000000E+00  2.458497567623E+00 -1.391650602318E-13 -1.026924979020E-02  3.003071767679E+01  2.464702118066E-01  5.214241309632E+02  3.418812502727E+03
  1.022870886677E+00  1.100000000000E+00  2.458498354901E+00  1.213364372145E-10 -1.184038289901E-02  3.003673508079E+01  2.838553879651E-01  4.807214149764E+02  2.803219786000E+03
  1.052222787036E+00  1.200000000000E+00  2.458499142303E+00  5.004372566391E-10 -1.311227536037E-02  3.004207737455E+01  3.126897703175E-01  4.108070823154E+02  2.012161962665E+03
  1.081574695388E+00  1.300000000000E+00  2.458499667534E+00  3.820077573326E-10 -1.404341286941E-02  3.004651008764E+01  3.319603103549E-01  3.322764891551E+02  1.234765219285E+03
  1.110926608201E+00  1.400000000000E+00  2.458499904648E+00  7.097410806363E-12 -1.467414978284E-02  3.005006250813E+01  3.428909643985E-01  2.659564043685E+02  6.312157839536E+02
  1.140278522744E+00  1.500000000000E+00  2.458499979149E+00  2.542079014757E-11 -1.508926791437E-02  3.005294267565E+01  3.478633523680E-01  2.197713905084E+02  2.335499095092E+02
  1.169630437744E+00  1.600000000000E+00  2.458499992679E+00  5.190851046106E-11 -1.536880115967E-02  3.005537779495E+01  3.491064014532E-01  1.905397616869E+02 -4.439511380592E+00
  1.198982352784E+00  1.700000000000E+00  2.458499989875E+00  8.952942363966E-12 -1.556878381517E-02  3.005753758491E+01  3.481488162509E-01  1.727028500485E+02 -1.424357135686E+02
  1.228334267771E+00  1.800000000000E+00  2.458499984911E+00  3.587362058978E-12 -1.572291665298E-02  3.005952901291E+01  3.459447632959E-01  1.618262434960E+02 -2.198505325461E+02
  1.257686182708E+00  1.900000000000E+00  2.458499981658E+00  4.144021696011E-11 -1.585200523195E-02  3.006141713790E+01  3.430629969532E-01  1.550029517975E+02 -2.578776042455E+02
  1.287038097615E+00  2.000000000000E+00  2.458499979835E+00  3.092553507628E-14 -1.596832693092E-02  3.006324157649E+01  3.398526847062E-01  1.509740146677E+02 -2.769369240439E+02
  1.316390012510E+00  2.100000000000E+00  2.458499979756E+00  7.886011447483E-13 -1.607950601340E-02  3.006502859774E+01  3.365198157694E-01  1.486149170722E+02 -2.789131087700E+02
  1.345741927413E+00  2.200000000000E+00  2.458499980998E+00  1.237021403219E-13 -1.619185194128E-02  3.006679491465E+01  3.332407256663E-01  1.474467244371E+02 -2.683821811224E+02
  1.375093842337E+00  2.300000000000E+00  2.458499983215E+00  6.803617712812E-13 -1.631007968985E-02  3.006855312159E+01  3.301523973914E-01  1.472350250841E+02 -2.473643967229E+02
  1.404445757292E+00  2.400000000000E+00  2.458499986142E+00  9.277660507660E-14 -1.643841069975E-02  3.007031378107E+01  3.273774571445E-01  1.478413739037E+02 -2.159207156401E+02
  1.433797672283E+00  2.500000000000E+00  2.458499989273E+00  7.731383746772E-13 -1.658069496726E-02  3.007208655538E+01  3.250304841342E-01  1.492688469433E+02 -1.755091584809E+02
  1.463149587311E+00  2.600000000000E+00  2.458499992201E+00  4.607904707315E-12 -1.674089723778E-02  3.007388144054E+01  3.232234635089E-01  1.515567480114E+02 -1.253640161249E+02
  1.492501502371E+00  2.700000000000E+00  2.458499994404E+00  4.948085586440E-13 -1.692391868770E-02  3.007570921260E+01  3.220926624620E-01  1.548085184877E+02 -6.233818012820E+01
  1.521853417447E+00  2.800000000000E+00  2.458499994867E+00  5.257340932554E-13 -1.713556266889E-02  3.007758242013E+01  3.217930159176E-01  1.592027256141E+02  1.526309797487E+01
  1.551205332512E+00  2.900000000000E+00  2.458499992063E+00  6.973708122205E-12 -1.738232407669E-02  3.007951623741E+01  3.225208825519E-01  1.650077286415E+02  1.101811247239E+02
  1.580557247510E+00  3.000000000000E+00  2.458499983141E+00  3.092553497989E-13 -1.767318938121E-02  3.008152976770E+01  3.245307373196E-01  1.726405237248E+02  2.311469460988E+02
  1.609909162341E+00  3.100000000000E+00  2.458499962962E+00  3.092553515571E-14 -1.802059184327E-02  3.008364799133E+01  3.281762018796E-01  1.826659903205E+02  3.861228374929E+02
  1.639261076821E+00  3.200000000000E+00  2.458499921985E+00  4.082170689501E-12 -1.844090278421E-02  3.008590437316E+01  3.339336112450E-01  1.959645130937E+02  5.878250137121E+02
  1.668612990599E+00  3.300000000000E+00  2.458499841460E+00  5.334655005679E-12 -1.895729940337E-02  3.008834550448E+01  3.424795940367E-01  2.138771907751E+02  8.568179536261E+02
  1.697964903016E+00  3.400000000000E+00  2.458499685336E+00  2.178704130971E-11 -1.960274893860E-02  3.009103720529E+01  3.547676830576E-01  2.383441462842E+02  1.220958568816E+03
  1.727316812774E+00  3.500000000000E+00  2.458499378941E+00  5.767613303292E-11 -2.042568954440E-02  3.009407458373E+01  3.721907437982E-01  2.724052516538E+02  1.726237125138E+03
  1.756668717251E+00  3.600000000000E+00  2.458498761882E+00  1.644311284303E-10 -2.149897726546E-02  3.009759822619E+01  3.968341369678E-01  3.207916151888E+02  2.446486185676E+03
  1.786020610867E+00  3.700000000000E+00  2.458497471226E+00  4.769184851266E-10 -2.293481066980E-02  3.010182029812E+01  4.319381714335E-01  3.909328293503E+02  3.504510643163E+03
  1.815372481143E+00  3.800000000000E+00  2.458494633190E+00  1.343639228265E-09 -2.491328271310E-02  3.010706533529E+01  4.826832297260E-01  4.945813061590E+02  5.113180229781E+03
  1.844724298507E+00  3.900000000000E+00  2.458488042856E+00  4.956281887061E-09 -2.773203980078E-02  3.011383069653E+01  5.576334220701E-01  6.490138300688E+02  7.640241572175E+03
  1.874075988700E+00  4.000000000000E+00  2.458471807989E+00  1.365997527264E-08 -3.189526852026E-02  3.012285171814E+01  6.713081616868E-01  8.757346453780E+02  1.174120110205E+04
  1.903427356566E+00  4.100000000000E+00  2.458429904505E+00  3.257187540393E-08 -3.827882512800E-02  3.013506799160E+01  8.485754994045E-01  1.181266187342E+03  1.852747788452E+04
  1.932777883575E+00  4.200000000000E+00  2.458320697626E+00  3.626812083736E-08 -4.836532842356E-02  3.015106580454E+01  1.130951615597E+00  1.475853522354E+03  2.965523590825E+04
  1.962126286775E+00  4.300000000000E+00  2.458055299608E+00 -2.939273293547E-08 -6.440361781970E-02  3.016870426937E+01  1.580724311866E+00  1.335686872400E+03  4.673991026965E+04
  1.991470012165E+00  4.400000000000E+00  2.457523502101E+00  1.190734779059E-07 -8.903006480207E-02  3.017693615203E+01  2.269495850851E+00 -3.499118297530E+02  6.928485357114E+04
  2.020805772594E+00  4.500000000000E+00  2.456744696163E+00  2.259785649188E-07 -1.239048659522E-01  3.014774795804E+01  3.239153391548E+00 -5.174282165561E+03  9.274176363524E+04
  2.050131957682E+00  4.600000000000E+00  2.455974286355E+00 -2.708916072026E-07 -1.683509661922E-01  3.003764502582E+01  4.460962202267E+00 -1.387432440076E+04  1.105444617950E+05
  2.079450538604E+00  4.700000000000E+00  2.455510331626E+00 -3.433970312710E-07 -2.194892959317E-01  2.980536028342E+01  5.839095945102E+00 -2.530733678638E+04  1.185359421049E+05
  2.108766197987E+00  4.800000000000E+00  2.455493653549E+00 -2.083770537893E-07 -2.734565051345E-01  2.943227572167E+01  7.248321522609E+00 -3.699849523863E+04  1.157765850271E+05
  2.138084313273E+00  4.900000000000E+00  2.455908565363E+00 -3.818642993954E-08 -3.262377693839E-01  2.893204050624E+01  8.563484382101E+00 -4.616834451795E+04  1.029746853606E+05
  2.167409321358E+00  5.000000000000E+00  2.456613534617E+00  2.552231943937E-07 -3.738658790234E-01  2.834892058972E+01  9.673925967278E+00 -5.062330027367E+04  8.191119507855E+04
  2.196743222069E+00  5.100000000000E+00  2.457349411797E+00  6.677429524509E-07 -4.129491957773E-01  2.774444182270E+01  1.050084421526E+01 -4.986379909719E+04  5.630088031390E+04
  2.226084780442E+00  5.200000000000E+00  2.457868950837E+00  4.721577719077E-07 -4.418369467880E-01  2.717176889987E+01  1.102279004327E+01 -4.575078849216E+04  3.177223131970E+04
  2.255430901372E+00  5.300000000000E+00  2.458123426526E+00  5.417308814746E-08 -4.613126041357E-01  2.665398183175E+01  1.128237586836E+01 -4.107670475166E+04  1.281877884984E+04
  2.284778968529E+00  5.400000000000E+00  2.458214699995E+00  4.253341286036E-08 -4.737502620074E-01  2.618650362525E+01  1.135503241537E+01 -3.745370419204E+04  3.344281142772E+02
  2.314127658316E+00  5.500000000000E+00  2.458239107646E+00  4.487007291678E-08 -4.816076648817E-01  2.575461152057E+01  1.130997014289E+01 -3.508114876528E+04 -7.225809746317E+03
  2.343476487195E+00  5.600000000000E+00  2.458242303916E+00  2.026041218016E-08 -4.866715177794E-01  2.534522298196E+01  1.119466114933E+01 -3.361907586185E+04 -1.170237786982E+04
  2.372825314327E+00  5.700000000000E+00  2.458240139794E+00  7.372835587776E-09 -4.900481821055E-01  2.494962235263E+01  1.103758875993E+01 -3.272369133186E+04 -1.438710841531E+04
  2.402174109210E+00  5.800000000000E+00  2.458237250550E+00  2.183188273788E-09 -4.923828210020E-01  2.456252974888E+01  1.085514902404E+01 -3.216417575342E+04 -1.604680297930E+04
  2.431522871620E+00  5.900000000000E+00  2.458234767449E+00  6.686973515084E-10 -4.940550266367E-01  2.418082454485E+01  1.065677012304E+01 -3.180420257978E+04 -1.710949971662E+04
  2.460871607781E+00  6.000000000000E+00  2.458232849003E+00  2.235075845920E-10 -4.952925310738E-01  2.380263285628E+01  1.044802757033E+01 -3.156591041921E+04 -1.781200696855E+04
  2.490220324044E+00  6.100000000000E+00  2.458231413914E+00  7.059522697213E-11 -4.962356410393E-01  2.342679664200E+01  1.023234007670E+01 -3.140382015288E+04 -1.829015983179E+04
  2.519569025499E+00  6.200000000000E+00  2.458230351885E+00  2.514521291827E-11 -4.969747056721E-01  2.305258001376E+01  1.001187097494E+01 -3.129124334410E+04 -1.862281899542E+04
  2.548917716071E+00  6.300000000000E+00  2.458229577052E+00  1.803156773382E-11 -4.975706203969E-01  2.267949396088E+01  9.788060589139E+00 -3.121230654617E+04 -1.885610386383E+04
  2.578266398720E+00  6.400000000000E+00  2.458229016717E+00  3.185680922718E-12 -4.980659302691E-01  2.230720358897E+01  9.561897877066E+00 -3.115673531197E+04 -1.902034286414E+04
  2.607615075782E+00  6.500000000000E+00  2.458228636215E+00  4.639342032794E-13 -4.984925670353E-01  2.193546599455E+01  9.334106297433E+00 -3.111898556480E+04 -1.913099732990E+04
  2.636963749289E+00  6.600000000000E+00  2.458228422147E+00  3.866118828928E-13 -4.988776859598E-01  2.156408831406E+01  9.105271813266E+00 -3.109621192115E+04 -1.919542610452E+04
  2.666312421328E+00  6.700000000000E+00  2.458228396130E+00  2.211420080783E-12 -4.992485914753E-01  2.119289496799E+01  8.875950338655E+00 -3.108825743682E+04 -1.921163554031E+04
  2.695661094442E+00  6.800000000000E+00  2.458228615096E+00  5.010490069442E-12 -4.996386874915E-01  2.082169845952E+01  8.646771646073E+00 -3.109731783929E+04 -1.916890642999E+04
  2.725009772119E+00  6.900000000000E+00  2.458229182671E+00  9.201361505609E-12 -5.000944807138E-01  2.045027029671E+01  8.418555000263E+00 -3.112797542642E+04 -1.904596647850E+04
  2.754358459322E+00  7.000000000000E+00  2.458230230276E+00  1.902129576206E-12 -5.006829583880E-01  2.007832289604E+01  8.192419602807E+00 -3.118463745214E+04 -1.881668337746E+04
  2.783707162266E+00  7.100000000000E+00  2.458231810791E+00  5.231626751920E-11 -5.014901239213E-01  1.970555597816E+01  7.969704273113E+00 -3.126314926115E+04 -1.847685442862E+04
  2.813055886408E+00  7.200000000000E+00  2.458233724404E+00  2.166569253806E-10 -5.025929527970E-01  1.933182645181E+01  7.751440992116E+00 -3.134051578728E+04 -1.808708221319E+04
  2.842404633297E+00  7.300000000000E+00  2.458235544983E+00  1.341075946209E-10 -5.040127582531E-01  1.895735733577E+01  7.537546403678E+00 -3.138155093001E+04 -1.776563913634E+04
  2.871753399407E+00  7.400000000000E+00  2.458236902133E+00  9.108547221225E-12 -5.057052521418E-01  1.858273910680E+01  7.326567837945E+00 -3.136378340074E+04 -1.760853132452E+04
  2.901102178039E+00  7.500000000000E+00  2.458237624853E+00  3.340314703468E-12 -5.075619271920E-01  1.820868879931E+01  7.116324326197E+00 -3.128783281966E+04 -1.764271994973E+04
  2.930450961093E+00  7.600000000000E+00  2.458237631286E+00  1.235606965711E-11 -5.094431832834E-01  1.783583723469E+01  6.904575715404E+00 -3.116533922825E+04 -1.785732489540E+04
  2.959799739642E+00  7.700000000000E+00  2.458236861154E+00  1.824801556094E-11 -5.112177954416E-01  1.746464690787E+01  6.689315967900E+00 -3.101250611535E+04 -1.822561999222E+04
  2.989148504300E+00  7.800000000000E+00  2.458235324139E+00  8.055420173389E-11 -5.127646102011E-01  1.709536536445E+01  6.468942710281E+00 -3.084939875295E+04 -1.870347727415E+04
  3.018497247217E+00  7.900000000000E+00  2.458233288284E+00  1.366747096055E-10 -5.139982548396E-01  1.672797135295E+01  6.242600511806E+00 -3.070044855152E+04 -1.920929883990E+04
  3.047845965381E+00  8.000000000000E+00  2.458231268473E+00  3.182584177391E-11 -5.149027156580E-01  1.636215945787E+01  6.010556008691E+00 -3.058676986162E+04 -1.964419870354E+04
  3.077194661750E+00  8.100000000000E+00  2.458229677188E+00  4.283656325630E-12 -5.155305441675E-01  1.599746235992E+01  5.774040622663E+00 -3.051293902606E+04 -1.995567780394E+04
  3.106543342208E+00  8.200000000000E+00  2.458228595026E+00  1.767589109980E-11 -5.159622669516E-01  1.563345097493E+01  5.534512126199E+00 -3.047008643686E+04 -2.015348025374E+04
  3.135892012238E+00  8.300000000000E+00  2.458227893447E+00  1.883573316619E-11 -5.162678436724E-01  1.526982629155E+01  5.293125147075E+00 -3.044662861974E+04 -2.027414673974E+04
  3.165240674464E+00  8.400000000000E+00  2.458227302966E+00  2.077962346870E-10 -5.164840272650E-01  1.490636924077E+01  5.050539720294E+00 -3.044012152095E+04 -2.035535127837E+04
  3.194589332175E+00  8.500000000000E+00  2.458227102224E+00  1.128907305649E-12 -5.166458222172E-01  1.454299536050E+01  4.807284178772E+00 -3.043256643037E+04 -2.039085971717E+04
  3.223937988157E+00  8.600000000000E+00  2.458227004547E+00  5.103279901589E-13 -5.167877095914E-01  1.417969165724E+01  4.563715348176E+00 -3.042796149745E+04 -2.040949883421E+04
  3.253286643388E+00  8.700000000000E+00  2.458226972519E+00  2.628962440828E-13 -5.169217600742E-01  1.381643418579E+01  4.319987103414E+00 -3.042467510039E+04 -2.041825394905E+04
  3.282635298535E+00  8.800000000000E+00  2.458226988709E+00  4.639345496976E-14 -5.170561528025E-01  1.345321192987E+01  4.076196355653E+00 -3.042197652606E+04 -2.042032558664E+04
  3.311983954121E+00  8.900000000000E+00  2.458227044666E+00  3.092896951810E-14 -5.171973604653E-01  1.309002068321E+01  3.832412156017E+00 -3.041938671673E+04 -2.041744725438E+04
  3.341332610584E+00  9.000000000000E+00  2.458227135075E+00  6.185793718673E-14 -5.173508233807E-01  1.272686221617E+01  3.588684769211E+00 -3.041640413069E+04 -2.041100471096E+04
  3.370681268318E+00  9.100000000000E+00  2.458227258159E+00  3.092896725433E-14 -5.175213429184E-01  1.236374407361E+01  3.345050322657E+00 -3.041260269134E+04 -2.040184333460E+04
  3.400029927757E+00  9.200000000000E+00  2.458227421642E+00  6.185793091358E-14 -5.177142929315E-01  1.200067663644E+01  3.101545816853E+00 -3.040784015489E+04 -2.038924011879E+04
  3.429378589416E+00  9.300000000000E+00  2.458227631305E+00  2.165027418249E-13 -5.179361092871E-01  1.163767427788E+01  2.858211850979E+00 -3.040162038329E+04 -2.037323092689E+04
  3.458727253889E+00  9.400000000000E+00  2.458227896028E+00  6.185792030529E-14 -5.181943433639E-01  1.127475793871E+01  2.615089033152E+00 -3.039335337883E+04 -2.035361464673E+04
  3.488075921958E+00  9.500000000000E+00  2.458228236765E+00  6.185791272316E-14 -5.184989144477E-01  1.091195519616E+01  2.372231081409E+00 -3.038242306508E+04 -2.032876556430E+04
  3.517424594664E+00  9.600000000000E+00  2.458228677973E+00  6.185790295304E-14 -5.188631144163E-01  1.054930410781E+01  2.129707045719E+00 -3.036774593928E+04 -2.029731920942E+04
  3.546773273422E+00  9.700000000000E+00  2.458229258969E+00  1.701091980354E-13 -5.193050906132E-01  1.018685805043E+01  1.887609428228E+00 -3.034775990338E+04 -2.025680597692E+04
  3.576121960219E+00  9.800000000000E+00  2.458230035483E+00  7.422944790487E-13 -5.198503484582E-01  9.824693915157E+00  1.646064940629E+00 -3.032000474162E+04 -2.020406720594E+04
  3.605470657884E+00  9.900000000000E+00  2.458231098774E+00  1.113441306219E-12 -5.205355050486E-01  9.462925489253E+00  1.405249273997E+00 -3.028066907359E+04 -2.013356575345E+04
  3.634819370610E+00  1.000000000000E+01  2.458232586817E+00  2.969175292877E-12 -5.214146525368E-01  9.101725583623E+00  1.165417887072E+00 -3.022343132285E+04 -2.003765661347E+04
  3.664168104687E+00  1.010000000000E+01  2.458234723682E+00  8.381728322823E-12 -5.225700775094E-01  8.741365001127E+00  9.269408283357E-01 -3.013779451298E+04 -1.990404482484E+04
  3.693516869908E+00  1.020000000000E+01  2.458237884079E+00  2.602663062454E-11 -5.241303160737E-01  8.382281683575E+00  6.903782116650E-01 -3.000546597370E+04 -1.971272850273E+04
  3.722865681982E+00  1.030000000000E+01  2.458242710172E+00  7.051767449602E-11 -5.263041447723E-01  8.025209901742E+00  4.566019144175E-01 -2.979353882706E+04 -1.943031949551E+04
  3.752214566686E+00  1.040000000000E+01  2.458250285680E+00  2.336974692575E-10 -5.294408076794E-01  7.671422043028E+00  2.269925800427E-01 -2.944186238451E+04 -1.900326587001E+04
  3.781563566839E+00  1.050000000000E+01  2.458262427434E+00  6.567225640286E-10 -5.341320876103E-01  7.323184691539E+00  3.756043282097E-03 -2.883916373201E+04 -1.834543595930E+04
  3.810912752362E+00  1.060000000000E+01  2.458281859720E+00  1.493594826696E-09 -5.413822297702E-01  6.984568687971E+00 -2.096592610570E-01 -2.778808109208E+04 -1.733595847571E+04
  3.840262228799E+00  1.070000000000E+01  2.458311568940E+00  2.497367117369E-09 -5.528078137180E-01  6.662652527755E+00 -4.083056156481E-01 -2.598369153274E+04 -1.585852761800E+04
  3.869612126241E+00  1.080000000000E+01  2.458351989573E+00  5.749962457984E-09 -5.706461190271E-01  6.368485426519E+00 -5.865280911108E-01 -2.309690934827E+04 -1.394432120594E+04
  3.898962543056E+00  1.090000000000E+01  2.458396928243E+00  1.974977637858E-08 -5.971867854197E-01  6.115789412611E+00 -7.409813582479E-01 -1.906972529385E+04 -1.197111719188E+04
  3.928313467191E+00  1.100000000000E+01  2.458435141843E+00  2.948447262151E-08 -6.335411158893E-01  5.915821001425E+00 -8.747642452386E-01 -1.438530820194E+04 -1.058959246261E+04
  3.957664764690E+00  1.110000000000E+01  2.458458846794E+00  2.003461701776E-08 -6.786916262346E-01  5.771697649257E+00 -9.981898750241E-01 -9.842327618534E+03 -1.027878250962E+04
  3.987016253613E+00  1.120000000000E+01  2.458467556257E+00  1.046640443647E-08 -7.297558719323E-01  5.677704152035E+00 -1.124692737019E+00 -6.065887399991E+03 -1.108636778285E+04
  4.016367770895E+00  1.130000000000E+01  2.458464090458E+00  3.799083359139E-09 -7.829617717517E-01  5.622335708881E+00 -1.266694875999E+00 -3.422711878066E+03 -1.284637057816E+04
  4.045719186105E+00  1.140000000000E+01  2.458450688908E+00 -2.390058816461E-09 -8.343514988523E-01  5.590271427422E+00 -1.434673820717E+00 -2.211389472423E+03 -1.541907520196E+04
  4.075070384891E+00  1.150000000000E+01  2.458427792164E+00 -6.490685957782E-09 -8.801240165762E-01  5.562810060117E+00 -1.637560735237E+00 -2.673013509875E+03 -1.865670577435E+04
  4.104421252954E+00  1.160000000000E+01  2.458395470068E+00  4.991250120221E-09 -9.172777477149E-01  5.520143448753E+00 -1.881367275438E+00 -4.687224575827E+03 -2.218491307412E+04
  4.133771695189E+00  1.170000000000E+01  2.458357531633E+00  1.114077168932E-08 -9.446082560008E-01  5.447565258868E+00 -2.165925503094E+00 -7.525616744689E+03 -2.537796471643E+04
  4.163121690576E+00  1.180000000000E+01  2.458321990085E+00  1.564362256666E-09 -9.630737334364E-01  5.341002659690E+00 -2.484013742655E+00 -1.024538496687E+04 -2.775706605976E+04
  4.192471308284E+00  1.190000000000E+01  2.458294795259E+00  4.386821225345E-10 -9.749257202328E-01  5.205583287832E+00 -2.825253808378E+00 -1.231976648776E+04 -2.928058379971E+04
  4.221820655988E+00  1.200000000000E+01  2.458276519008E+00  1.132452977174E-09 -9.824406268573E-01  5.049550158734E+00 -3.180686909538E+00 -1.371895310619E+04 -3.017906919683E+04
  4.251169827952E+00  1.210000000000E+01  2.458264918760E+00  6.561465436836E-10 -9.872882364735E-01  4.879985489114E+00 -3.544366869053E+00 -1.461922682155E+04 -3.069686131220E+04
  4.280518889191E+00  1.220000000000E+01  2.458257628033E+00  2.812486969294E-10 -9.905186625871E-01  4.701751444544E+00 -3.912816670522E+00 -1.519626487582E+04 -3.099899492284E+04
  4.309867880395E+00  1.230000000000E+01  2.458252965774E+00  9.204356071681E-11 -9.927496232521E-01  4.517915566719E+00 -4.284086061368E+00 -1.557391676416E+04 -3.118075253934E+04
  4.339216826271E+00  1.240000000000E+01  2.458249904249E+00  3.159362986687E-11 -9.943439295440E-01  4.330365479443E+00 -4.657078526939E+00 -1.582809851230E+04 -3.129392128341E+04
  4.368565741993E+00  1.250000000000E+01  2.458247836868E+00  1.376326944283E-11 -9.955194602380E-01  4.140283215940E+00 -5.031160943194E+00 -1.600393897355E+04 -3.136680456901E+04
  4.397914637046E+00  1.260000000000E+01  2.458246395640E+00  3.417623245963E-12 -9.964096663382E-01  3.948421165970E+00 -5.405955925221E+00 -1.612980800903E+04 -3.141524430025E+04
  4.427263517523E+00  1.270000000000E+01  2.458245367406E+00  1.237149300773E-12 -9.970995647639E-01  3.755271150274E+00 -5.781230645950E+00 -1.622177416179E+04 -3.144833262973E+04
  4.456612387488E+00  1.280000000000E+01  2.458244615675E+00  7.422898463212E-13 -9.976453910488E-01  3.561171012231E+00 -6.156837137973E+00 -1.629060484507E+04 -3.147150546963E+04
  4.485961249666E+00  1.290000000000E+01  2.458244052692E+00  2.938231421230E-13 -9.980847213476E-01  3.366348482207E+00 -6.532678010194E+00 -1.634351990504E+04 -3.148804090611E+04
  4.515310105996E+00  1.300000000000E+01  2.458243630123E+00  1.685617309147E-12 -9.984559346412E-01  3.170977706672E+00 -6.908690992473E+00 -1.638272507458E+04 -3.150065452923E+04
  4.544658957960E+00  1.310000000000E+01  2.458243314741E+00  1.391794315509E-13 -9.987786480533E-01  2.975199956953E+00 -7.284833052407E+00 -1.641238271981E+04 -3.150982674506E+04
  4.574007806616E+00  1.320000000000E+01  2.458243073117E+00  3.092876605313E-14 -9.990551223891E-01  2.779112103479E+00 -7.661071696997E+00 -1.643486936933E+04 -3.151695572940E+04
  4.603356652749E+00  1.330000000000E+01  2.458242888414E+00  2.010369966246E-13 -9.992957728784E-01  2.582791120935E+00 -8.037385537548E+00 -1.645188131547E+04 -3.152248591647E+04
  4.632705496955E+00  1.340000000000E+01  2.458242748288E+00  4.175384050194E-13 -9.995088200954E-01  2.386296447899E+00 -8.413759007122E+00 -1.646408304696E+04 -3.152704260568E+04
  4.662054339669E+00  1.350000000000E+01  2.458242637293E+00  0.000000000000E+00 -9.997003604032E-01  2.189673705238E+00 -8.790181954346E+00 -1.647341248818E+04 -3.153082354766E+04
  4.691403181220E+00  1.360000000000E+01  2.458242553213E+00  6.185754708107E-14 -9.998747906407E-01  1.992957185341E+00 -9.166646592293E+00 -1.647984619837E+04 -3.153401657154E+04
  4.720752021917E+00  1.370000000000E+01  2.458242493377E+00  0.000000000000E+00 -1.000036220628E+00  1.796182221171E+00 -9.543147301779E+00 -1.648315415200E+04 -3.153695203009E+04
  4.750100862039E+00  1.380000000000E+01  2.458242456522E+00  7.732193761518E-14 -1.000188499265E+00  1.599385286949E+00 -9.919681280896E+00 -1.648372507067E+04 -3.153952626543E+04
  4.779449701796E+00  1.390000000000E+01  2.458242432775E+00  3.402165297367E-13 -1.000334343006E+00  1.402592548892E+00 -1.029624589330E+01 -1.648218690383E+04 -3.154218092559E+04
  4.808798541437E+00  1.400000000000E+01  2.458242435627E+00  1.159829083259E-12 -1.000476780707E+00  1.205844289146E+00 -1.067284283974E+01 -1.647647345586E+04 -3.154494351348E+04
  4.838147381190E+00  1.410000000000E+01  2.458242452978E+00  1.546438771778E-13 -1.000618860841E+00  1.009175753888E+00 -1.104947269968E+01 -1.646850266545E+04 -3.154775356520E+04
  4.867496221265E+00  1.420000000000E+01  2.458242488314E+00  1.546438754747E-14 -1.000763046153E+00  8.126253077968E-01 -1.142613901458E+01 -1.645707795700E+04 -3.155096178903E+04
  4.896845061866E+00  1.430000000000E+01  2.458242543103E+00  1.546438727087E-14 -1.000912188651E+00  6.162294118119E-01 -1.180284503941E+01 -1.644199979676E+04 -3.155455401015E+04
  4.926193903266E+00  1.440000000000E+01  2.458242621106E+00  7.732193425021E-14 -1.001069431525E+00  4.200433921031E-01 -1.217959819621E+01 -1.642220218050E+04 -3.155878655532E+04
  4.955542745726E+00  1.450000000000E+01  2.458242720726E+00  9.278631774497E-14 -1.001237838887E+00  2.241205387899E-01 -1.255640561754E+01 -1.639785719433E+04 -3.156368537870E+04
  4.984891589489E+00  1.460000000000E+01  2.458242839360E+00  3.092877120930E-14 -1.001420118148E+00  2.851295215078E-02 -1.293327539288E+01 -1.636942945317E+04 -3.156920134000E+04
  5.014240434791E+00  1.470000000000E+01  2.458242980686E+00  8.814699332456E-13 -1.001618633401E+00 -1.667335298443E-01 -1.331021256905E+01 -1.633716820044E+04 -3.157490774543E+04
  5.043589282015E+00  1.480000000000E+01  2.458243150231E+00  2.709205394670E-10 -1.001838222643E+00 -3.615445425487E-01 -1.368722544623E+01 -1.630118786304E+04 -3.158030419546E+04
  5.072938131485E+00  1.490000000000E+01  2.458243387089E+00  3.597633967420E-10 -1.002070497116E+00 -5.558969333595E-01 -1.406430001118E+01 -1.624738799374E+04 -3.158959111946E+04
  5.102286984298E+00  1.500000000000E+01  2.458243697489E+00  3.711451400628E-13 -1.002324706672E+00 -7.494378548615E-01 -1.444153174381E+01 -1.617129330146E+04 -3.160447877450E+04
  5.131635841259E+00  1.510000000000E+01  2.458244084416E+00  1.190757156099E-12 -1.002627965754E+00 -9.419516562479E-01 -1.481896626753E+01 -1.607444220251E+04 -3.162378526393E+04
  5.160984703421E+00  1.520000000000E+01  2.458244574097E+00  1.268078824622E-12 -1.002993685414E+00 -1.133148748950E+00 -1.519666545440E+01 -1.594916003118E+04 -3.164914324229E+04
  5.190333572222E+00  1.530000000000E+01  2.458245204211E+00  2.041297158308E-12 -1.003440410628E+00 -1.322625830475E+00 -1.557471512719E+01 -1.578397807889E+04 -3.168299322445E+04
  5.219682449626E+00  1.540000000000E+01  2.458246025957E+00  8.010542561205E-12 -1.003994125230E+00 -1.509813213399E+00 -1.595323698710E+01 -1.556201253444E+04 -3.172900380855E+04
  5.249031338371E+00  1.550000000000E+01  2.458247119536E+00  1.950056035968E-11 -1.004692693281E+00 -1.693880459918E+00 -1.633240833701E+01 -1.525562089152E+04 -3.179300835933E+04
  5.278380242290E+00  1.560000000000E+01  2.458248587754E+00  6.060480296445E-11 -1.005591839622E+00 -1.873587172177E+00 -1.671249429472E+01 -1.482274560934E+04 -3.188411961507E+04
  5.307729166669E+00  1.570000000000E+01  2.458250573992E+00  1.542568226872E-10 -1.006776154427E+00 -2.047038603629E+00 -1.709390064410E+01 -1.419264591183E+04 -3.201740711575E+04
  5.337078118633E+00  1.580000000000E+01  2.458253233660E+00  5.212561238661E-10 -1.008378699900E+00 -2.211235497975E+00 -1.747726768614E+01 -1.324645683321E+04 -3.221801896719E+04
  5.366427106801E+00  1.590000000000E+01  2.458256624656E+00  1.548920705353E-09 -1.010613970047E+00 -2.361268755969E+00 -1.786363520872E+01 -1.177452083133E+04 -3.252934654426E+04
  5.395776137797E+00  1.600000000000E+01  2.458260217213E+00  4.948509966583E-09 -1.013840281915E+00 -2.488855514461E+00 -1.825472916099E+01 -9.403603107582E+03 -3.302586616482E+04
  5.425125201044E+00  1.610000000000E+01  2.458261173212E+00  1.541684103990E-08 -1.018669211406E+00 -2.579662475912E+00 -1.865344073930E+01 -5.468051697006E+03 -3.383102252641E+04
  5.454474214177E+00  1.620000000000E+01  2.458248851145E+00  3.385598402447E-08 -1.026138241096E+00 -2.608773678342E+00 -1.906448234610E+01  1.167013973558E+03 -3.512352924187E+04
  5.483822856378E+00  1.630000000000E+01  2.458190735705E+00  2.527844388924E-08 -1.037938799761E+00 -2.534477625761E+00 -1.949471552253E+01  1.215268911264E+04 -3.705483978947E+04
  5.513170186623E+00  1.640000000000E+01  2.458013514051E+00 -3.262606175687E-08 -1.056453853387E+00 -2.295035056844E+00 -1.995110626949E+01  2.897276400023E+04 -3.940280437346E+04
  5.542514219480E+00  1.650000000000E+01  2.457627515091E+00  8.038336695267E-08 -1.084094874086E+00 -1.821020721512E+00 -2.043276716454E+01  5.107459211922E+04 -4.099795424895E+04
  5.571852378679E+00  1.660000000000E+01  2.457047202735E+00  5.327734805993E-08 -1.121884996557E+00 -1.069874128706E+00 -2.091900771657E+01  7.452694892085E+04 -3.984011063520E+04
  5.601183312056E+00  1.670000000000E+01  2.456456329275E+00 -2.089421642578E-07 -1.168478348382E+00 -5.739261238354E-02 -2.136751534799E+01  9.406040511925E+04 -3.460301679308E+04
  5.630508261604E+00  1.680000000000E+01  2.456076089391E+00 -2.245371275061E-07 -1.220678385885E+00  1.145714146221E+00 -2.173085195733E+01  1.060503856330E+05 -2.580604539373E+04
  5.659830642054E+00  1.690000000000E+01  2.456039474340E+00 -1.372469086414E-07 -1.274571924505E+00  2.438252503604E+00 -2.197728544196E+01  1.088799616956E+05 -1.541516679232E+04
  5.689154833154E+00  1.700000000000E+01  2.456374916365E+00 -1.725330816571E-08 -1.326133192185E+00  3.706807120135E+00 -2.210259652543E+01  1.020266702369E+05 -5.932892610542E+03
  5.718484842961E+00  1.710000000000E+01  2.456985196666E+00  2.391891159773E-07 -1.371489936359E+00  4.838614917114E+00 -2.213156976701E+01  8.628996277609E+04  4.374033559398E+02
  5.747822650375E+00  1.720000000000E+01  2.457635646326E+00  5.924772630359E-07 -1.407616055302E+00  5.745186295218E+00 -2.210823823719E+01  6.512592278417E+04  2.852545471282E+03
  5.777167262052E+00  1.730000000000E+01  2.458100783390E+00  3.681586786098E-07 -1.433521488853E+00  6.395028371425E+00 -2.207506139125E+01  4.424263505036E+04  2.382251793500E+03
  5.806516025362E+00  1.740000000000E+01  2.458339889809E+00  3.016059867506E-08 -1.450582553210E+00  6.820959401209E+00 -2.205528988903E+01  2.804923353835E+04  8.822123138366E+02
  5.835866710932E+00  1.750000000000E+01  2.458438874062E+00  3.027767620569E-08 -1.461353481083E+00  7.086956245720E+00 -2.205337806900E+01  1.733802314523E+04 -5.015413130942E+02
  5.865218153419E+00  1.760000000000E+01  2.458476029913E+00  3.108664718290E-08 -1.468161566200E+00  7.251455429919E+00 -2.206558514981E+01  1.076988068863E+04 -1.476714564660E+03
  5.894569876811E+00  1.770000000000E+01  2.458489756113E+00  1.354513256158E-08 -1.472578954967E+00  7.354367618925E+00 -2.208726309552E+01  6.800089636647E+03 -2.107258191828E+03
  5.923921704575E+00  1.780000000000E+01  2.458494914954E+00  4.649528837749E-09 -1.475549855421E+00  7.419848817146E+00 -2.211499440301E+01  4.361788476240E+03 -2.508246340669E+03
  5.953273571924E+00  1.790000000000E+01  2.458496893036E+00  1.449018293788E-09 -1.477623531120E+00  7.462027804441E+00 -2.214659387935E+01  2.816897035281E+03 -2.766874317257E+03
  5.982625454461E+00  1.800000000000E+01  2.458497646232E+00  4.990459098756E-10 -1.479120028581E+00  7.489206414561E+00 -2.218071573551E+01  1.804658205929E+03 -2.937740631234E+03
  6.011977342650E+00  1.810000000000E+01  2.458497912561E+00  1.784714253786E-10 -1.480232757918E+00  7.506405357277E+00 -2.221652482801E+01  1.118992969929E+03 -3.053761037399E+03
  6.041329232671E+00  1.820000000000E+01  2.458497982167E+00  6.514469487073E-11 -1.481081994746E+00  7.516737196010E+00 -2.225349503845E+01  6.392637329767E+02 -3.134756806550E+03
  6.070681122981E+00  1.830000000000E+01  2.458497973128E+00  2.523525776942E-11 -1.481744959657E+00  7.522204126403E+00 -2.229128492926E+01  2.949947125393E+02 -3.192614123065E+03
  6.100033012980E+00  1.840000000000E+01  2.458497935227E+00  1.329799136736E-11 -1.482273050857E+00  7.524141312332E+00 -2.232966630902E+01  4.177007835879E+01 -3.234876218383E+03
  6.129384902468E+00  1.850000000000E+01  2.458497889785E+00  1.385465171239E-11 -1.482701372875E+00  7.523457805907E+00 -2.236848349337E+01 -1.470846370094E+02 -3.266186227405E+03
  6.158736791414E+00  1.860000000000E+01  2.458497845318E+00  1.948310432980E-12 -1.483054280261E+00  7.520802092619E+00 -2.240762606614E+01 -2.916178120894E+02 -3.289864720352E+03
  6.188088679854E+00  1.870000000000E+01  2.458497805248E+00  1.298873644414E-12 -1.483349291539E+00  7.516624290137E+00 -2.244701634603E+01 -4.034638032609E+02 -3.307943680822E+03
  6.217440567848E+00  1.880000000000E+01  2.458497770761E+00  1.546278171591E-13 -1.483599655661E+00  7.511266469634E+00 -2.248659621763E+01 -4.903339406998E+02 -3.321809811273E+03
  6.246792455463E+00  1.890000000000E+01  2.458497741643E+00  7.576763138622E-13 -1.483815081044E+00  7.504987084867E+00 -2.252632181993E+01 -5.588966281661E+02 -3.332515056328E+03
  6.276144342763E+00  1.900000000000E+01  2.458497717940E+00  1.855533849773E-13 -1.484003194249E+00  7.497984269575E+00 -2.256615928926E+01 -6.121102981715E+02 -3.340642584441E+03
  6.305496229807E+00  1.910000000000E+01  2.458497698733E+00  4.329579020571E-13 -1.484169921196E+00  7.490412851523E+00 -2.260608145834E+01 -6.544311752645E+02 -3.346749051608E+03
  6.334848116651E+00  1.920000000000E+01  2.458497684309E+00  4.638834696571E-14 -1.484320243089E+00  7.482401203474E+00 -2.264606513251E+01 -6.861770156900E+02 -3.350983804762E+03
  6.364200003351E+00  1.930000000000E+01  2.458497674940E+00  6.185112959023E-14 -1.484458904876E+00  7.474068485134E+00 -2.268608866532E+01 -7.076779286060E+02 -3.353385407126E+03
  6.393551889972E+00  1.940000000000E+01  2.458497670828E+00  2.937928663473E-13 -1.484590376988E+00  7.465541772057E+00 -2.272612954533E+01 -7.194156377939E+02 -3.353902231596E+03
  6.422903776580E+00  1.950000000000E+01  2.458497673266E+00  0.000000000000E+00 -1.484719561762E+00  7.456937775091E+00 -2.276616363039E+01 -7.194222077735E+02 -3.352112904454E+03
  6.452255663268E+00  1.960000000000E+01  2.458497684570E+00  1.082394768273E-13 -1.484852442085E+00  7.448427617747E+00 -2.280615867943E+01 -7.034399728001E+02 -3.347210888205E+03
  6.481607550157E+00  1.970000000000E+01  2.458497707847E+00  1.762757181983E-12 -1.484997221710E+00  7.440224177570E+00 -2.284607014799E+01 -6.659688051655E+02 -3.337765800320E+03
  6.510959437422E+00  1.980000000000E+01  2.458497748395E+00  7.205656458580E-12 -1.485166193563E+00  7.432655385832E+00 -2.288582956689E+01 -5.953946187208E+02 -3.321193609170E+03
  6.540311325312E+00  1.990000000000E+01  2.458497814196E+00  7.777779230577E-12 -1.485379546502E+00  7.426234297907E+00 -2.292532656271E+01 -4.677883159389E+02 -3.292788384095E+03
  6.569663214166E+00  2.000000000000E+01  2.458497909720E+00  4.796554747724E-11 -1.485670915833E+00  7.421848835645E+00 -2.296437822624E+01 -2.473149419895E+02 -3.245063064522E+03
  6.599015104285E+00  2.010000000000E+01  2.458498019977E+00  3.335321774742E-11 -1.486094867069E+00  7.420919911718E+00 -2.300269384344E+01  1.212245493906E+02 -3.167771431333E+03
  6.628366995482E+00  2.020000000000E+01  2.458498071727E+00  1.100949938029E-11 -1.486730204031E+00  7.425530156118E+00 -2.303986995818E+01  6.840630167886E+02 -3.054026280261E+03
  6.657718886284E+00  2.030000000000E+01  2.458497931540E+00  2.612436720967E-10 -1.487660135309E+00  7.437927171687E+00 -2.307550935581E+01  1.411274582867E+03 -2.914216601951E+03
  6.687070773837E+00  2.040000000000E+01  2.458497545615E+00  4.147767555369E-09 -1.488926533208E+00  7.459367282127E+00 -2.310948521151E+01  2.154714792590E+03 -2.782042754109E+03
  6.716422656083E+00  2.050000000000E+01  2.458497055063E+00  2.682329269524E-09 -1.490477117841E+00  7.488752449230E+00 -2.314211592125E+01  2.745974672907E+03 -2.693439611336E+03
  6.745774532837E+00  2.060000000000E+01  2.458496674681E+00  6.803626560365E-12 -1.492209283117E+00  7.523885128942E+00 -2.317404242430E+01  3.092237216721E+03 -2.665220111361E+03
  6.775126406596E+00  2.070000000000E+01  2.458496568367E+00  1.329799872491E-12 -1.494009669556E+00  7.561429669090E+00 -2.320599880548E+01  3.147876920187E+03 -2.697952583196E+03
  6.804478280937E+00  2.080000000000E+01  2.458496767199E+00  8.659161788961E-13 -1.495744359320E+00  7.597859296147E+00 -2.323869152419E+01  2.904958545348E+03 -2.787765154320E+03
  6.833830159056E+00  2.090000000000E+01  2.458497172683E+00  9.702898790975E-11 -1.497282287202E+00  7.629648198015E+00 -2.327276174797E+01  2.377549851535E+03 -2.926419450624E+03
  6.863182042169E+00  2.100000000000E+01  2.458497561944E+00  4.959069548828E-10 -1.498517521543E+00  7.653843356481E+00 -2.330867598894E+01  1.657134655283E+03 -3.091384490151E+03
  6.892533928801E+00  2.110000000000E+01  2.458497746472E+00  3.545306756316E-10 -1.499409732551E+00  7.669183784290E+00 -2.334653416137E+01  9.270893320673E+02 -3.245918637707E+03
  6.921885816395E+00  2.120000000000E+01  2.458497740162E+00  1.229291163160E-11 -1.499999735289E+00  7.676602264068E+00 -2.338602561183E+01  3.475511548410E+02 -3.362397228020E+03
  6.951237703367E+00  2.130000000000E+01  2.458497660336E+00  3.310581680648E-11 -1.500372407973E+00  7.678256791787E+00 -2.342665468447E+01 -4.093767426409E+01 -3.437636107311E+03
  6.980589589350E+00  2.140000000000E+01  2.458497581123E+00  3.817761067297E-11 -1.500607334322E+00  7.676217474555E+00 -2.346798955097E+01 -2.806665178313E+02 -3.482777498605E+03
  7.009941474505E+00  2.150000000000E+01  2.458497522325E+00  1.795229130865E-11 -1.500759330242E+00  7.671929092206E+00 -2.350974340971E+01 -4.256853980147E+02 -3.509475546233E+03
  7.039293359075E+00  2.160000000000E+01  2.458497482306E+00  6.633534129911E-12 -1.500861298067E+00  7.666273507958E+00 -2.355174672880E+01 -5.146712606186E+02 -3.525551691206E+03
  7.068645243252E+00  2.170000000000E+01  2.458497455493E+00  1.855534047228E-12 -1.500932225485E+00  7.659767925765E+00 -2.359390240923E+01 -5.710094045808E+02 -3.535560681025E+03
  7.097997127164E+00  2.180000000000E+01  2.458510023665E+00  4.196217493321E-04 -1.500983260484E+00  7.652715829281E+00 -2.363615449103E+01 -6.093568302481E+02 -3.537342922538E+03
  7.127349042930E+00  2.190000000000E+01  2.458630952804E+00  4.032037051159E-03 -1.501021109341E+00  7.645206050181E+00 -2.367817452369E+01 -6.496402435883E+02 -3.493955860029E+03
  7.156701057584E+00  2.200000000000E+01  2.458934907990E+00  1.013373692025E-02 -1.501049901856E+00  7.637139405029E+00 -2.371927812214E+01 -7.070895040923E+02 -3.372661885931E+03
  7.186053323498E+00  2.210000000000E+01  2.459709569493E+00  2.582748074573E-02 -1.501072298162E+00  7.628109408029E+00 -2.375795207736E+01 -8.207633450557E+02 -3.059751250794E+03
  7.215406225766E+00  2.220000000000E+01  2.461665446159E+00  6.521681115518E-02 -1.501090063770E+00  7.617007544655E+00 -2.379055330405E+01 -1.074184750570E+03 -2.299012090997E+03
  7.244760693698E+00  2.230000000000E+01  2.466397044148E+00  1.578068621737E-01 -1.501104380636E+00  7.601415612597E+00 -2.380935342143E+01 -1.596059989816E+03 -6.892802532510E+02
  7.274118662567E+00  2.240000000000E+01  2.476364578675E+00  3.325224150900E-01 -1.501116071258E+00  7.577935139562E+00 -2.380349664479E+01 -2.378878468847E+03  1.747620931697E+03
  7.303482956017E+00  2.250000000000E+01  2.492603644432E+00  5.417975844449E-01 -1.501125720367E+00  7.545289712503E+00 -2.376870377786E+01 -3.113682984311E+03  4.044517112400E+03
  7.332856144923E+00  2.260000000000E+01  2.513723096012E+00  7.045989517906E-01 -1.501133758179E+00  7.505529461758E+00 -2.371115829982E+01 -3.624152509536E+03  5.643748213493E+03
  7.362239864953E+00  2.270000000000E+01  2.537925096546E+00  8.073846205814E-01 -1.501140512400E+00  7.461453483027E+00 -2.363950485211E+01 -3.922562709459E+03  6.579087220104E+03
  7.391634894516E+00  2.280000000000E+01  2.563777109735E+00  8.623816811011E-01 -1.501146247303E+00  7.415272274224E+00 -2.356062854950E+01 -4.073857223376E+03  7.052284088704E+03
  7.421041436001E+00  2.290000000000E+01  2.590413171397E+00  8.885072969766E-01 -1.501151154258E+00  7.368337977589E+00 -2.347876577796E+01 -4.142500950431E+03  7.264895682299E+03
  7.450459383954E+00  2.300000000000E+01  2.617369846236E+00  8.991858756317E-01 -1.501155371706E+00  7.321371348859E+00 -2.339618903136E+01 -4.165988218172E+03  7.334961329865E+03
  7.479888479406E+00  2.310000000000E+01  2.644372320704E+00  9.007023310558E-01 -1.501159028393E+00  7.274785909683E+00 -2.331421355293E+01 -4.157925774291E+03  7.305055774436E+03
  7.509328370741E+00  2.320000000000E+01  2.671171111508E+00  8.938951723213E-01 -1.501162224922E+00  7.228936850631E+00 -2.323398282607E+01 -4.112466332040E+03  7.155567801536E+03
  7.538778607288E+00  2.330000000000E+01  2.697382000330E+00  8.742629773986E-01 -1.501165034354E+00  7.184349460592E+00 -2.315720444905E+01 -3.999869186910E+03  6.789975085760E+03
  7.568238561699E+00  2.340000000000E+01  2.722236219653E+00  8.289702037559E-01 -1.501167526556E+00  7.142050362012E+00 -2.308722440866E+01 -3.749690328907E+03  5.979552456325E+03
  7.597707235167E+00  2.350000000000E+01  2.744124501038E+00  7.299850094640E-01 -1.501169755044E+00  7.104093417433E+00 -2.303075727187E+01 -3.236774797872E+03  4.316620976470E+03
  7.627182899821E+00  2.360000000000E+01  2.760307445880E+00  5.396770672943E-01 -1.501171759690E+00  7.073630621242E+00 -2.299815357815E+01 -2.421351932557E+03  1.668869813623E+03
  7.656663034676E+00  2.370000000000E+01  2.769284547095E+00  2.994102875396E-01 -1.501173582592E+00  7.052109510860E+00 -2.299433007147E+01 -1.661533606813E+03 -8.051831601938E+02
  7.686145351417E+00  2.380000000000E+01  2.773246887558E+00  1.321867923906E-01 -1.501175255810E+00  7.036985204194E+00 -2.301122566932E+01 -1.234664689005E+03 -2.200466684871E+03
  7.715628574917E+00  2.390000000000E+01  2.774843818374E+00  5.328374990192E-02 -1.501176795172E+00  7.025003846727E+00 -2.303835300721E+01 -1.047619224653E+03 -2.814549768284E+03
  7.745112156607E+00  2.400000000000E+01  2.775470882847E+00  2.092445652805E-02 -1.501178201338E+00  7.014334917264E+00 -2.306977515077E+01 -9.725321396542E+02 -3.062586923678E+03
  7.774595878048E+00  2.410000000000E+01  2.775715335303E+00  8.157367624064E-03 -1.501179441938E+00  7.004183518990E+00 -2.310290649400E+01 -9.434408874006E+02 -3.160152578561E+03
  7.804079653858E+00  2.420000000000E+01  2.775810456088E+00  3.174219544839E-03 -1.501180544002E+00  6.994231665575E+00 -2.313670704035E+01 -9.326178561335E+02 -3.198210818607E+03
  7.833563450819E+00  2.430000000000E+01  2.775847529106E+00  1.237148772814E-03 -1.501181074923E+00  6.984348130196E+00 -2.317076820878E+01 -9.286306709286E+02 -3.213023969273E+03
  7.863047254440E+00  2.440000000000E+01  2.775851262445E+00  1.245829560664E-04 -1.501181074923E+00  6.974489377200E+00 -2.320491117248E+01 -9.281852595311E+02 -3.214503468992E+03
  7.892531058061E+00  2.450000000000E+01  2.775851262445E+00  0.000000000000E+00 -1.501181074923E+00  6.964630624216E+00 -2.323905413623E+01 -9.281852595311E+02 -3.214503468992E+03
  7.922014861682E+00  2.460000000000E+01  2.775851262445E+00  0.000000000000E+00 -1.501181074923E+00  6.954771871232E+00 -2.327319709998E+01 -9.281852595311E+02 -3.214503468992E+03
  7.951498665304E+00  2.470000000000E+01  2.775851262445E+00  0.000000000000E+00 -1.501181074923E+00  6.944913118248E+00 -2.330734006372E+01 -9.281852595311E+02 -3.214503468992E+03
  7.980982468925E+00  2.480000000000E+01  2.775851262445E+00  0.000000000000E+00 -1.501181074923E+00  6.935054365264E+00 -2.334148302747E+01 -9.281852595311E+02 -3.214503468992E+03
  8.010466272546E+00  2.490000000000E+01  2.775851262445E+00  0.000000000000E+00 -1.501181074923E+00  6.925195612281E+00 -2.337562599122E+01 -9.281852595311E+02 -3.214503468992E+03
  8.039950076168E+00  2.500000000000E+01  2.775851262445E+00  0.000000000000E+00 -1.501181074923E+00  6.915336859297E+00 -2.340976895496E+01 -9.281852595311E+02 -3.214503468992E+03
  8.069433879789E+00  2.510000000000E+01  2.775851262445E+00  0.000000000000E+00 -1.501181074923E+00  6.905478106313E+00 -2.344391191871E+01 -9.281852595311E+02 -3.214503468992E+03
  8.098917683410E+00  2.520000000000E+01  2.775851262445E+00  0.000000000000E+00 -1.501181074923E+00  6.895619353329E+00 -2.347805488246E+01 -9.281852595311E+02 -3.214503468992E+03
  8.128401487032E+00  2.530000000000E+01  2.775851262445E+00  0.000000000000E+00 -1.501181074923E+00  6.885760600345E+00 -2.351219784620E+01 -9.281852595311E+02 -3.214503468992E+03
  8.157885290653E+00  2.540000000000E+01  2.775851262445E+00  0.000000000000E+00 -1.501181074923E+00  6.875901847362E+00 -2.354634080995E+01 -9.281852595311E+02 -3.214503468992E+03
  8.187369094274E+00  2.550000000000E+01  2.775851262445E+00  0.000000000000E+00 -1.501181074923E+00  6.866043094378E+00 -2.358048377370E+01 -9.281852595311E+02 -3.214503468992E+03
  8.216852897896E+00  2.560000000000E+01  2.775851262445E+00  0.000000000000E+00 -1.501181074923E+00  6.856184341394E+00 -2.361462673744E+01 -9.281852595311E+02 -3.214503468992E+03
  8.246336701517E+00  2.570000000000E+01  2.775851262445E+00  0.000000000000E+00 -1.501181074923E+00  6.846325588410E+00 -2.364876970119E+01 -9.281852595311E+02 -3.214503468992E+03
  8.275820505138E+00  2.580000000000E+01  2.775851262445E+00  0.000000000000E+00 -1.501181074923E+00  6.836466835426E+00 -2.368291266494E+01 -9.281852595311E+02 -3.214503468992E+03
  8.305304308760E+00  2.590000000000E+01  2.775851262445E+00  0.000000000000E+00 -1.501181074923E+00  6.826608082443E+00 -2.371705562868E+01 -9.281852595311E+02 -3.214503468992E+03
  8.334788112381E+00  2.600000000000E+01  2.775851262445E+00  0.000000000000E+00 -1.501181074923E+00  6.816749329459E+00 -2.375119859243E+01 -9.281852595311E+02 -3.214503468992E+03
  8.364271916002E+00  2.610000000000E+01  2.775851262445E+00  0.000000000000E+00 -1.501181074923E+00  6.806890576475E+00 -2.378534155618E+01 -9.281852595311E+02 -3.214503468992E+03
  8.393755719624E+00  2.620000000000E+01  2.775851262445E+00  0.000000000000E+00 -1.501181074923E+00  6.797031823491E+00 -2.381948451992E+01 -9.281852595311E+02 -3.214503468992E+03
  8.423239523245E+00  2.630000000000E+01  2.775851262445E+00  0.000000000000E+00 -1.501181074923E+00  6.787173070507E+00 -2.385362748367E+01 -9.281852595311E+02 -3.214503468992E+03
  8.452723326866E+00  2.640000000000E+01  2.775851262445E+00  0.000000000000E+00 -1.501181074923E+00  6.777314317524E+00 -2.388777044742E+01 -9.281852595311E+02 -3.214503468992E+03
  8.482207130488E+00  2.650000000000E+01  2.775864735864E+00  4.492436237969E-04 -1.501181074923E+00  6.767455564540E+00 -2.392191341116E+01 -9.296307683228E+02 -3.209388787941E+03
  8.511690958365E+00  2.660000000000E+01  2.775995095817E+00  4.346506591080E-03 -1.501181074923E+00  6.757516013938E+00 -2.395576859094E+01 -9.443846625636E+02 -3.157101535189E+03
  8.541174861548E+00  2.670000000000E+01  2.776323566822E+00  1.095201603962E-02 -1.501181074923E+00  6.747314900009E+00 -2.398869016404E+01 -9.826170691242E+02 -3.021227489333E+03
  8.570658955969E+00  2.680000000000E+01  2.777160492052E+00  2.790627768470E-02 -1.501181074923E+00  6.736446733612E+00 -2.401922423264E+01 -1.079005791798E+03 -2.677722910628E+03
  8.600143534411E+00  2.690000000000E+01  2.779275034946E+00  7.051451199585E-02 -1.501181074923E+00  6.723935694933E+00 -2.404386137858E+01 -1.310760385063E+03 -1.849645033457E+03
  8.629629304094E+00  2.700000000000E+01  2.784386152720E+00  1.704777825300E-01 -1.501181074923E+00  6.707740770866E+00 -2.405523565119E+01 -1.792296402647E+03 -1.250568902158E+02
  8.659117714002E+00  2.710000000000E+01  2.794984340584E+00  3.535711655019E-01 -1.501181074923E+00  6.685183987404E+00 -2.404361210324E+01 -2.489075742128E+03  2.376425889070E+03
  8.688610791670E+00  2.720000000000E+01  2.811815063058E+00  5.615304506260E-01 -1.501181074923E+00  6.655543349393E+00 -2.400619009371E+01 -3.115616411435E+03  4.632538155820E+03
  8.718110310806E+00  2.730000000000E+01  2.833343256558E+00  7.182206882501E-01 -1.501181074923E+00  6.620579416505E+00 -2.394911115609E+01 -3.541336818545E+03  6.170200732303E+03
  8.747617380602E+00  2.740000000000E+01  2.857782309585E+00  8.152795587106E-01 -1.501181074923E+00  6.582459090183E+00 -2.388006991323E+01 -3.784994247781E+03  7.052958465740E+03
  8.777132525776E+00  2.750000000000E+01  2.883758111271E+00  8.665028341000E-01 -1.501181074923E+00  6.542844015954E+00 -2.380501435646E+01 -3.905881433831E+03  7.492285501648E+03
  8.806655885637E+00  2.760000000000E+01  2.910452330028E+00  8.904429275112E-01 -1.501181074923E+00  6.502728991136E+00 -2.372752922614E+01 -3.958850453864E+03  7.685366563841E+03
  8.836187394084E+00  2.770000000000E+01  2.937428879174E+00  8.998466826173E-01 -1.501181074923E+00  6.462640823182E+00 -2.364952786667E+01 -3.974523075234E+03  7.742652270351E+03
  8.865726881052E+00  2.780000000000E+01  2.964422006519E+00  9.003894704947E-01 -1.501181074923E+00  6.422889706988E+00 -2.357215007179E+01 -3.962824384303E+03  7.699717098350E+03
  8.895274109481E+00  2.790000000000E+01  2.991172375121E+00  8.922792703505E-01 -1.501181074923E+00  6.383762366516E+00 -2.349646202796E+01 -3.916174134649E+03  7.528060412111E+03
  8.924828763952E+00  2.800000000000E+01  3.017258368327E+00  8.700960501815E-01 -1.501181074923E+00  6.345711556309E+00 -2.342415514486E+01 -3.804255117611E+03  7.115045560256E+03
  8.954390384107E+00  2.810000000000E+01  3.041818962266E+00  8.191749176267E-01 -1.501181074923E+00  6.309642219923E+00 -2.335861426417E+01 -3.557413449693E+03  6.201683759546E+03
  8.983958202831E+00  2.820000000000E+01  3.063060450619E+00  7.084131999814E-01 -1.501181074923E+00  6.277347535533E+00 -2.330655673893E+01 -3.061176570156E+03  4.361518909167E+03
  9.013530875270E+00  2.830000000000E+01  3.078185745331E+00  5.044120925105E-01 -1.501181074923E+00  6.251340372691E+00 -2.327744293472E+01 -2.322511612087E+03  1.616991195526E+03
  9.043106532837E+00  2.840000000000E+01  3.086229704779E+00  2.682914827576E-01 -1.501181074923E+00  6.232310599309E+00 -2.327404462969E+01 -1.690058545153E+03 -7.401986956590E+02
  9.072683598847E+00  2.850000000000E+01  3.089693939513E+00  1.155672817265E-01 -1.501181074923E+00  6.217945168887E+00 -2.328794222744E+01 -1.353329442274E+03 -1.999916088481E+03
  9.102261240233E+00  2.860000000000E+01  3.091074193305E+00  4.605152936928E-02 -1.501181074923E+00  6.205785824358E+00 -2.331005684184E+01 -1.209247039086E+03 -2.540767511610E+03
  9.131839106995E+00  2.870000000000E+01  3.091612498594E+00  1.796136472825E-02 -1.501181074923E+00  6.194533022683E+00 -2.333555988358E+01 -1.151915170231E+03 -2.756646569625E+03
  9.161417061187E+00  2.880000000000E+01  3.091821226319E+00  6.964677361675E-03 -1.501181074923E+00  6.183636536275E+00 -2.336239888842E+01 -1.129593432646E+03 -2.840948660850E+03
  9.190995049242E+00  2.890000000000E+01  3.091902262245E+00  2.703972932215E-03 -1.501181074923E+00  6.172878345491E+00 -2.338975795315E+01 -1.120937837008E+03 -2.873733739760E+03
  9.220573050470E+00  2.900000000000E+01  3.091933869333E+00  1.054655167573E-03 -1.501181074923E+00  6.162173814737E+00 -2.341731940908E+01 -1.117576622928E+03 -2.886504046559E+03
  9.250151055848E+00  2.910000000000E+01  3.091937056123E+00  1.063355385425E-04 -1.501181074923E+00  6.151486089454E+00 -2.344494440755E+01 -1.117241457153E+03 -2.887779463351E+03
  9.279729061226E+00  2.920000000000E+01  3.091937056123E+00  0.000000000000E+00 -1.501181074923E+00  6.140798364178E+00 -2.347256940603E+01 -1.117241457153E+03 -2.887779463351E+03
  9.309307066604E+00  2.930000000000E+01  3.091937056123E+00  0.000000000000E+00 -1.501181074923E+00  6.130110638901E+00 -2.350019440452E+01 -1.117241457153E+03 -2.887779463351E+03
  9.338885071982E+00  2.940000000000E+01  3.091937056123E+00  0.000000000000E+00 -1.501181074923E+00  6.119422913625E+00 -2.352781940301E+01 -1.117241457153E+03 -2.887779463351E+03
  9.368463077359E+00  2.950000000000E+01  3.091937056123E+00  0.000000000000E+00 -1.501181074923E+00  6.108735188348E+00 -2.355544440149E+01 -1.117241457153E+03 -2.887779463351E+03
  9.398041082737E+00  2.960000000000E+01  3.091937056123E+00  0.000000000000E+00 -1.501181074923E+00  6.098047463072E+00 -2.358306939998E+01 -1.117241457153E+03 -2.887779463351E+03
  9.427619088115E+00  2.970000000000E+01  3.091937056123E+00  0.000000000000E+00 -1.501181074923E+00  6.087359737795E+00 -2.361069439847E+01 -1.117241457153E+03 -2.887779463351E+03
  9.457197093493E+00  2.980000000000E+01  3.091937056123E+00  0.000000000000E+00 -1.501181074923E+00  6.076672012519E+00 -2.363831939695E+01 -1.117241457153E+03 -2.887779463351E+03
  9.486775098871E+00  2.990000000000E+01  3.091937056123E+00  0.000000000000E+00 -1.501181074923E+00  6.065984287242E+00 -2.366594439544E+01 -1.117241457153E+03 -2.887779463351E+03
  9.516353104249E+00  3.000000000000E+01  3.091937056123E+00  0.000000000000E+00 -1.501181074923E+00  6.055296561966E+00 -2.369356939393E+01 -1.117241457153E+03 -2.887779463351E+03
  9.545931109626E+00  3.010000000000E+01  3.091937056123E+00  0.000000000000E+00 -1.501181074923E+00  6.044608836689E+00 -2.372119439241E+01 -1.117241457153E+03 -2.887779463351E+03
  9.575509115004E+00  3.020000000000E+01  3.091937056123E+00  0.000000000000E+00 -1.501181074923E+00  6.033921111413E+00 -2.374881939090E+01 -1.117241457153E+03 -2.887779463351E+03
  9.605087120382E+00  3.030000000000E+01  3.091937056123E+00  0.000000000000E+00 -1.501181074923E+00  6.023233386136E+00 -2.377644438939E+01 -1.117241457153E+03 -2.887779463351E+03
  9.634665125760E+00  3.040000000000E+01  3.091937056123E+00  0.000000000000E+00 -1.501181074923E+00  6.012545660860E+00 -2.380406938787E+01 -1.117241457153E+03 -2.887779463351E+03
  9.664243131138E+00  3.050000000000E+01  3.091937056123E+00  0.000000000000E+00 -1.501181074923E+00  6.001857935583E+00 -2.383169438636E+01 -1.117241457153E+03 -2.887779463351E+03
  9.693821136516E+00  3.060000000000E+01  3.091937056123E+00  0.000000000000E+00 -1.501181074923E+00  5.991170210307E+00 -2.385931938485E+01 -1.117241457153E+03 -2.887779463351E+03
  9.723399141893E+00  3.070000000000E+01  3.091937056123E+00  0.000000000000E+00 -1.501181074923E+00  5.980482485030E+00 -2.388694438334E+01 -1.117241457153E+03 -2.887779463351E+03
  9.752977147271E+00  3.080000000000E+01  3.091937056123E+00  0.000000000000E+00 -1.501181074923E+00  5.969794759754E+00 -2.391456938182E+01 -1.117241457153E+03 -2.887779463351E+03
  9.782555152649E+00  3.090000000000E+01  3.091937056123E+00  0.000000000000E+00 -1.501181074923E+00  5.959107034477E+00 -2.394219438031E+01 -1.117241457153E+03 -2.887779463351E+03
  9.812133158027E+00  3.100000000000E+01  3.091937056123E+00  0.000000000000E+00 -1.501181074923E+00  5.948419309201E+00 -2.396981937880E+01 -1.117241457153E+03 -2.887779463351E+03
  9.841711163405E+00  3.110000000000E+01  3.091937056123E+00  0.000000000000E+00 -1.501181074923E+00  5.937731583925E+00 -2.399744437728E+01 -1.117241457153E+03 -2.887779463351E+03
  9.871289174362E+00  3.120000000000E+01  3.091997068296E+00  2.001164758216E-03 -1.501181074923E+00  5.927025286292E+00 -2.402499366343E+01 -1.122748826327E+03 -2.865462339061E+03
  9.900867212919E+00  3.130000000000E+01  3.092159859243E+00  5.428293931390E-03 -1.501181074923E+00  5.916219745603E+00 -2.405213781001E+01 -1.139079936498E+03 -2.799108222342E+03
  9.930445320565E+00  3.140000000000E+01  3.092573692423E+00  1.379949519161E-02 -1.501181074923E+00  5.905154349972E+00 -2.407821840058E+01 -1.181216175418E+03 -2.627412694556E+03
  9.960023604373E+00  3.150000000000E+01  3.093630620387E+00  3.524552472792E-02 -1.501181074923E+00  5.893429004992E+00 -2.410159008417E+01 -1.286874699256E+03 -2.195652224048E+03
  9.989602333709E+00  3.160000000000E+01  3.096293762709E+00  8.881827469250E-02 -1.501181074923E+00  5.880097519017E+00 -2.411834916282E+01 -1.535818624173E+03 -1.175614372954E+03
  1.001918214425E+01  3.170000000000E+01  3.102580694698E+00  2.097155613894E-01 -1.501181074923E+00  5.863319734325E+00 -2.412087154666E+01 -2.019364606359E+03  8.106973153230E+02
  1.004876424467E+01  3.180000000000E+01  3.114842797354E+00  4.090938641757E-01 -1.501181074923E+00  5.841158379828E+00 -2.410104394608E+01 -2.637090453069E+03  3.355044949263E+03
  1.007835013575E+01  3.190000000000E+01  3.133076079821E+00  6.083124517833E-01 -1.501181074923E+00  5.813655055824E+00 -2.405883838290E+01 -3.141595676639E+03  5.439455161970E+03
  1.010794100898E+01  3.200000000000E+01  3.155531095181E+00  7.491196914029E-01 -1.501181074923E+00  5.782418138530E+00 -2.400073060704E+01 -3.468267354616E+03  6.793245419576E+03
  1.013753756962E+01  3.210000000000E+01  3.180487379011E+00  8.325158860683E-01 -1.501181074923E+00  5.749085504772E+00 -2.393340141793E+01 -3.647272094845E+03  7.537367191894E+03
  1.016714012970E+01  3.220000000000E+01  3.206715130103E+00  8.748963036766E-01 -1.501181074923E+00  5.714826482083E+00 -2.386165625454E+01 -3.733215101769E+03  7.895739404433E+03
  1.019674875699E+01  3.230000000000E+01  3.233517643101E+00  8.940495297677E-01 -1.501181074923E+00  5.680307699835E+00 -2.378825300893E+01 -3.768927870440E+03  8.045106256046E+03
  1.022636339240E+01  3.240000000000E+01  3.260521155597E+00  9.007429338453E-01 -1.501181074923E+00  5.645882918465E+00 -2.371466783202E+01 -3.775841207011E+03  8.074090046809E+03
  1.025598391003E+01  3.250000000000E+01  3.287475040742E+00  8.990780622468E-01 -1.501181074923E+00  5.611780432824E+00 -2.364186537562E+01 -3.758404760437E+03  8.000668870305E+03
  1.028561013409E+01  3.260000000000E+01  3.314093841314E+00  8.878874894279E-01 -1.501181074923E+00  5.578249078929E+00 -2.357090827148E+01 -3.705365528821E+03  7.776692670550E+03
  1.031524181998E+01  3.270000000000E+01  3.339865358374E+00  8.596008791795E-01 -1.501181074923E+00  5.545722277202E+00 -2.350365399587E+01 -3.582230738966E+03  7.255166452237E+03
  1.034487858730E+01  3.280000000000E+01  3.363716963752E+00  7.955178858363E-01 -1.501181074923E+00  5.515085980606E+00 -2.344390540240E+01 -3.314652474328E+03  6.118685404821E+03
  1.037451976863E+01  3.290000000000E+01  3.383488040013E+00  6.593667173417E-01 -1.501181074923E+00  5.488015092700E+00 -2.339886955310E+01 -2.805172030859E+03  3.949776254430E+03
  1.040416421359E+01  3.300000000000E+01  3.396463136508E+00  4.327145481359E-01 -1.501181074923E+00  5.466375299857E+00 -2.337664681155E+01 -2.148170680269E+03  1.146111386819E+03
  1.043381050759E+01  3.310000000000E+01  3.402846497119E+00  2.129139494379E-01 -1.501181074923E+00  5.449922177766E+00 -2.337639935105E+01 -1.670726920557E+03 -8.982173975318E+02
  1.046345762520E+01  3.320000000000E+01  3.405504371366E+00  8.866718352195E-02 -1.501181074923E+00  5.436525825661E+00 -2.338917455745E+01 -1.437987739260E+03 -1.898329286834E+03
  1.049310507274E+01  3.330000000000E+01  3.406552573318E+00  3.497150329741E-02 -1.501181074923E+00  5.424493361993E+00 -2.340778393138E+01 -1.341493555056E+03 -2.314338944408E+03
  1.052275264880E+01  3.340000000000E+01  3.406959915494E+00  1.359083335394E-02 -1.501181074923E+00  5.413010312146E+00 -2.342875140207E+01 -1.303497665189E+03 -2.478659004359E+03
  1.055240027461E+01  3.350000000000E+01  3.407117624126E+00  5.261976666591E-03 -1.501181074923E+00  5.401741710318E+00 -2.345064216086E+01 -1.288770394464E+03 -2.542542824290E+03
  1.058204791966E+01  3.360000000000E+01  3.407178666202E+00  2.036691265007E-03 -1.501181074923E+00  5.390556000300E+00 -2.347289088095E+01 -1.283088352388E+03 -2.567264909067E+03
  1.061169557218E+01  3.370000000000E+01  3.407200043532E+00  7.132628102056E-04 -1.501181074923E+00  5.379402267026E+00 -2.349527810754E+01 -1.281116689689E+03 -2.575868117049E+03
  1.064134322614E+01  3.380000000000E+01  3.407200043532E+00  0.000000000000E+00 -1.501181074923E+00  5.368254666706E+00 -2.351769195046E+01 -1.281116689689E+03 -2.575868117049E+03
  1.067099088009E+01  3.390000000000E+01  3.407200043532E+00  0.000000000000E+00 -1.501181074923E+00  5.357107066386E+00 -2.354010579339E+01 -1.281116689689E+03 -2.575868117049E+03
  1.070063853405E+01  3.400000000000E+01  3.407200043532E+00  0.000000000000E+00 -1.501181074923E+00  5.345959466065E+00 -2.356251963631E+01 -1.281116689689E+03 -2.575868117049E+03
  1.073028618801E+01  3.410000000000E+01  3.407200043532E+00  0.000000000000E+00 -1.501181074923E+00  5.334811865745E+00 -2.358493347923E+01 -1.281116689689E+03 -2.575868117049E+03
  1.075993384197E+01  3.420000000000E+01  3.407200043532E+00  0.000000000000E+00 -1.501181074923E+00  5.323664265424E+00 -2.360734732215E+01 -1.281116689689E+03 -2.575868117049E+03
  1.078958149593E+01  3.430000000000E+01  3.407200043532E+00  0.000000000000E+00 -1.501181074923E+00  5.312516665104E+00 -2.362976116507E+01 -1.281116689689E+03 -2.575868117049E+03
  1.081922914989E+01  3.440000000000E+01  3.407200043532E+00  0.000000000000E+00 -1.501181074923E+00  5.301369064784E+00 -2.365217500799E+01 -1.281116689689E+03 -2.575868117049E+03
  1.084887680385E+01  3.450000000000E+01  3.407200043532E+00  0.000000000000E+00 -1.501181074923E+00  5.290221464463E+00 -2.367458885091E+01 -1.281116689689E+03 -2.575868117049E+03
  1.087852445781E+01  3.460000000000E+01  3.407200043532E+00  0.000000000000E+00 -1.501181074923E+00  5.279073864143E+00 -2.369700269384E+01 -1.281116689689E+03 -2.575868117049E+03
  1.090817211177E+01  3.470000000000E+01  3.407200043532E+00  0.000000000000E+00 -1.501181074923E+00  5.267926263822E+00 -2.371941653676E+01 -1.281116689689E+03 -2.575868117049E+03
  1.093781976573E+01  3.480000000000E+01  3.407200043532E+00  0.000000000000E+00 -1.501181074923E+00  5.256778663502E+00 -2.374183037968E+01 -1.281116689689E+03 -2.575868117049E+03
  1.096746741968E+01  3.490000000000E+01  3.407200043532E+00  0.000000000000E+00 -1.501181074923E+00  5.245631063182E+00 -2.376424422260E+01 -1.281116689689E+03 -2.575868117049E+03
  1.099711507364E+01  3.500000000000E+01  3.407200043532E+00  0.000000000000E+00 -1.501181074923E+00  5.234483462861E+00 -2.378665806552E+01 -1.281116689689E+03 -2.575868117049E+03
  1.102676272760E+01  3.510000000000E+01  3.407200043532E+00  0.000000000000E+00 -1.501181074923E+00  5.223335862541E+00 -2.380907190844E+01 -1.281116689689E+03 -2.575868117049E+03
  1.105641038156E+01  3.520000000000E+01  3.407200043532E+00  0.000000000000E+00 -1.501181074923E+00  5.212188262220E+00 -2.383148575137E+01 -1.281116689689E+03 -2.575868117049E+03
  1.108605803552E+01  3.530000000000E+01  3.407200043532E+00  0.000000000000E+00 -1.501181074923E+00  5.201040661900E+00 -2.385389959429E+01 -1.281116689689E+03 -2.575868117049E+03
  1.111570568948E+01  3.540000000000E+01  3.407200043532E+00  0.000000000000E+00 -1.501181074923E+00  5.189893061579E+00 -2.387631343721E+01 -1.281116689689E+03 -2.575868117049E+03
  1.114535334344E+01  3.550000000000E+01  3.407200043532E+00  0.000000000000E+00 -1.501181074923E+00  5.178745461259E+00 -2.389872728013E+01 -1.281116689689E+03 -2.575868117049E+03
  1.117500099740E+01  3.560000000000E+01  3.407200043532E+00  0.000000000000E+00 -1.501181074923E+00  5.167597860939E+00 -2.392114112305E+01 -1.281116689689E+03 -2.575868117049E+03
  1.120464865136E+01  3.570000000000E+01  3.407200043532E+00  0.000000000000E+00 -1.501181074923E+00  5.156450260618E+00 -2.394355496597E+01 -1.281116689689E+03 -2.575868117049E+03
  1.123429630532E+01  3.580000000000E+01  3.407200043532E+00  0.000000000000E+00 -1.501181074923E+00  5.145302660298E+00 -2.396596880890E+01 -1.281116689689E+03 -2.575868117049E+03
  1.126394396498E+01  3.590000000000E+01  3.407282066995E+00  2.735293349084E-03 -1.501181074923E+00  5.134134019584E+00 -2.398828385969E+01 -1.287966247479E+03 -2.543897833871E+03
  1.129359165353E+01  3.600000000000E+01  3.407510949664E+00  7.632661598886E-03 -1.501181074923E+00  5.122853899404E+00 -2.401007457994E+01 -1.308056656362E+03 -2.449857865630E+03
  1.132323941558E+01  3.610000000000E+01  3.408098175940E+00  1.958292289990E-02 -1.501181074923E+00  5.111284224427E+00 -2.403049941769E+01 -1.359593484876E+03 -2.207881071463E+03
  1.135288736571E+01  3.620000000000E+01  3.409599451581E+00  5.006776810067E-02 -1.501181074923E+00  5.098985202165E+00 -2.404747287826E+01 -1.487117762972E+03 -1.607282311617E+03
  1.138253578759E+01  3.630000000000E+01  3.413324002398E+00  1.242301039122E-01 -1.501181074923E+00  5.084966819463E+00 -2.405628168742E+01 -1.772346170819E+03 -2.597882829146E+02
  1.141218531156E+01  3.640000000000E+01  3.421636541780E+00  2.773068379714E-01 -1.501181074923E+00  5.067593336587E+00 -2.404908844365E+01 -2.257577708915E+03  2.039653132686E+03
  1.144183698098E+01  3.650000000000E+01  3.436278597263E+00  4.884985250712E-01 -1.501181074923E+00  5.045776055975E+00 -2.402055895017E+01 -2.773518666614E+03  4.491962039255E+03
  1.147149188600E+01  3.660000000000E+01  3.456316110272E+00  6.684860765996E-01 -1.501181074923E+00  5.020168273910E+00 -2.397361339632E+01 -3.151896021384E+03  6.295866267254E+03
  1.150115079589E+01  3.670000000000E+01  3.479901607319E+00  7.868079671668E-01 -1.501181074923E+00  4.992136603710E+00 -2.391462904416E+01 -3.381156578974E+03  7.392223582444E+03
  1.153081412998E+01  3.680000000000E+01  3.505455965637E+00  8.524478457813E-01 -1.501181074923E+00  4.962855710227E+00 -2.384914195830E+01 -3.499752066682E+03  7.961119615939E+03
  1.156048205114E+01  3.690000000000E+01  3.531962515294E+00  8.841855110326E-01 -1.501181074923E+00  4.933085607477E+00 -2.378075915712E+01 -3.554168082765E+03  8.222965545726E+03
  1.159015457594E+01  3.700000000000E+01  3.558874928428E+00  8.977097843998E-01 -1.501181074923E+00  4.903237822508E+00 -2.371144750316E+01 -3.574224090570E+03  8.319768301001E+03
  1.161983164627E+01  3.710000000000E+01  3.585885944514E+00  9.009897237209E-01 -1.501181074923E+00  4.873539110918E+00 -2.364230190602E+01 -3.572308901486E+03  8.310465582069E+03
  1.164951316062E+01  3.720000000000E+01  3.612747744617E+00  8.960029100651E-01 -1.501181074923E+00  4.844164482862E+00 -2.357417891331E+01 -3.547141848844E+03  8.188140301332E+03
  1.167919897605E+01  3.730000000000E+01  3.639110999477E+00  8.793577736989E-01 -1.501181074923E+00  4.815351837501E+00 -2.350825249157E+01 -3.482261346418E+03  7.871803128527E+03
  1.170888888119E+01  3.740000000000E+01  3.664293055108E+00  8.399287266549E-01 -1.501181074923E+00  4.787556409921E+00 -2.344677517452E+01 -3.336107550857E+03  7.156945598165E+03
  1.173858252287E+01  3.750000000000E+01  3.686852591018E+00  7.524076033983E-01 -1.501181074923E+00  4.761705385497E+00 -2.339434548312E+01 -3.029380737399E+03  5.652056439150E+03
  1.176827925951E+01  3.760000000000E+01  3.704179856482E+00  5.778598952144E-01 -1.501181074923E+00  4.739337520463E+00 -2.335863360361E+01 -2.510466923120E+03  3.098390563376E+03
  1.179797807609E+01  3.770000000000E+01  3.714270044682E+00  3.365184603681E-01 -1.501181074923E+00  4.721473996604E+00 -2.334485163668E+01 -1.976105726238E+03  4.606715276451E+02
  1.182767794928E+01  3.780000000000E+01  3.718818565355E+00  1.517215577169E-01 -1.501181074923E+00  4.707111677655E+00 -2.334823711097E+01 -1.656276823543E+03 -1.122904740699E+03
  1.185737826560E+01  3.790000000000E+01  3.720650402908E+00  6.111082974072E-02 -1.501181074923E+00  4.694540010245E+00 -2.336044151315E+01 -1.513748162021E+03 -1.830808230861E+03
  1.188707875604E+01  3.800000000000E+01  3.721365327985E+00  2.385161343953E-02 -1.501181074923E+00  4.682721776522E+00 -2.337636967969E+01 -1.456468322823E+03 -2.116204340458E+03
  1.191677931402E+01  3.810000000000E+01  3.721642894115E+00  9.260495979218E-03 -1.501181074923E+00  4.671201429418E+00 -2.339377497045E+01 -1.434094860127E+03 -2.228038703608E+03
  1.194647989817E+01  3.820000000000E+01  3.721750456748E+00  3.588667610119E-03 -1.501181074923E+00  4.659796844192E+00 -2.341175615095E+01 -1.425436968397E+03 -2.271455600415E+03
  1.197618049245E+01  3.830000000000E+01  3.721792204560E+00  1.392858404659E-03 -1.501181074923E+00  4.648437006603E+00 -2.342996066041E+01 -1.422090478562E+03 -2.288291833161E+03
  1.200588108991E+01  3.840000000000E+01  3.721796389994E+00  1.396412543499E-04 -1.501181074923E+00  4.637091130832E+00 -2.344823504061E+01 -1.421757239650E+03 -2.289971521440E+03
  1.203558168737E+01  3.850000000000E+01  3.721796389994E+00  0.000000000000E+00 -1.501181074923E+00  4.625745255068E+00 -2.346650942084E+01 -1.421757239650E+03 -2.289971521440E+03
  1.206528228483E+01  3.860000000000E+01  3.721796389994E+00  0.000000000000E+00 -1.501181074923E+00  4.614399379304E+00 -2.348478380106E+01 -1.421757239650E+03 -2.289971521440E+03
  1.209498288229E+01  3.870000000000E+01  3.721796389994E+00  0.000000000000E+00 -1.501181074923E+00  4.603053503540E+00 -2.350305818129E+01 -1.421757239650E+03 -2.289971521440E+03
  1.212468347975E+01  3.880000000000E+01  3.721796389994E+00  0.000000000000E+00 -1.501181074923E+00  4.591707627775E+00 -2.352133256151E+01 -1.421757239650E+03 -2.289971521440E+03
  1.215438407721E+01  3.890000000000E+01  3.721796389994E+00  0.000000000000E+00 -1.501181074923E+00  4.580361752011E+00 -2.353960694174E+01 -1.421757239650E+03 -2.289971521440E+03
  1.218408467467E+01  3.900000000000E+01  3.721796389994E+00  0.000000000000E+00 -1.501181074923E+00  4.569015876247E+00 -2.355788132197E+01 -1.421757239650E+03 -2.289971521440E+03
  1.221378527213E+01  3.910000000000E+01  3.721796389994E+00  0.000000000000E+00 -1.501181074923E+00  4.557670000482E+00 -2.357615570219E+01 -1.421757239650E+03 -2.289971521440E+03
  1.224348586959E+01  3.920000000000E+01  3.721796389994E+00  0.000000000000E+00 -1.501181074923E+00  4.546324124718E+00 -2.359443008242E+01 -1.421757239650E+03 -2.289971521440E+03
  1.227318646705E+01  3.930000000000E+01  3.721796389994E+00  0.000000000000E+00 -1.501181074923E+00  4.534978248954E+00 -2.361270446264E+01 -1.421757239650E+03 -2.289971521440E+03
  1.230288706451E+01  3.940000000000E+01  3.721796389994E+00  0.000000000000E+00 -1.501181074923E+00  4.523632373189E+00 -2.363097884287E+01 -1.421757239650E+03 -2.289971521440E+03
  1.233258766197E+01  3.950000000000E+01  3.721796389994E+00  0.000000000000E+00 -1.501181074923E+00  4.512286497425E+00 -2.364925322309E+01 -1.421757239650E+03 -2.289971521440E+03
  1.236228825943E+01  3.960000000000E+01  3.721796389994E+00  0.000000000000E+00 -1.501181074923E+00  4.500940621661E+00 -2.366752760332E+01 -1.421757239650E+03 -2.289971521440E+03
  1.239198885689E+01  3.970000000000E+01  3.721796389994E+00  0.000000000000E+00 -1.501181074923E+00  4.489594745897E+00 -2.368580198355E+01 -1.421757239650E+03 -2.289971521440E+03
  1.242168945435E+01  3.980000000000E+01  3.721796389994E+00  0.000000000000E+00 -1.501181074923E+00  4.478248870132E+00 -2.370407636377E+01 -1.421757239650E+03 -2.289971521440E+03
  1.245139005181E+01  3.990000000000E+01  3.721796389994E+00  0.000000000000E+00 -1.501181074923E+00  4.466902994368E+00 -2.372235074400E+01 -1.421757239650E+03 -2.289971521440E+03
  1.248109064927E+01  4.000000000000E+01  3.721796389994E+00  0.000000000000E+00 -1.501181074923E+00  4.455557118604E+00 -2.374062512422E+01 -1.421757239650E+03 -2.289971521440E+03
  1.251079124673E+01  4.010000000000E+01  3.721796389994E+00  0.000000000000E+00 -1.501181074923E+00  4.444211242839E+00 -2.375889950445E+01 -1.421757239650E+03 -2.289971521440E+03
  1.254049184419E+01  4.020000000000E+01  3.721796389994E+00  0.000000000000E+00 -1.501181074923E+00  4.432865367075E+00 -2.377717388467E+01 -1.421757239650E+03 -2.289971521440E+03
  1.257019244165E+01  4.030000000000E+01  3.721796389994E+00  0.000000000000E+00 -1.501181074923E+00  4.421519491311E+00 -2.379544826490E+01 -1.421757239650E+03 -2.289971521440E+03
  1.259989303911E+01  4.040000000000E+01  3.721796389994E+00  0.000000000000E+00 -1.501181074923E+00  4.410173615547E+00 -2.381372264513E+01 -1.421757239650E+03 -2.289971521440E+03
  1.262959363657E+01  4.050000000000E+01  3.721810557973E+00  4.724954702372E-04 -1.501181074923E+00  4.398827739782E+00 -2.383199702535E+01 -1.422748745680E+03 -2.284601379844E+03
  1.265929424488E+01  4.060000000000E+01  3.721948643439E+00  4.605051683508E-03 -1.501181074923E+00  4.387440267684E+00 -2.385004435207E+01 -1.432894748907E+03 -2.229542494625E+03
  1.268899488718E+01  4.070000000000E+01  3.722300075986E+00  1.172008909415E-02 -1.501181074923E+00  4.375917533568E+00 -2.386735144309E+01 -1.459329980710E+03 -2.085605394802E+03
  1.271869561656E+01  4.080000000000E+01  3.723203012108E+00  3.011337702881E-02 -1.501181074923E+00  4.364048003746E+00 -2.388275428454E+01 -1.526285088219E+03 -1.719811289925E+03
  1.274839656761E+01  4.090000000000E+01  3.725492066052E+00  7.634691354175E-02 -1.501181074923E+00  4.351323557442E+00 -2.389344576191E+01 -1.686658820654E+03 -8.406311251276E+02
  1.277809806240E+01  4.100000000000E+01  3.730982791336E+00  1.831575112576E-01 -1.501181074923E+00  4.336707924331E+00 -2.389367091218E+01 -2.012660890082E+03  9.528227640527E+02
  1.280780074527E+01  4.110000000000E+01  3.742145727911E+00  3.724147779714E-01 -1.501181074923E+00  4.318928058265E+00 -2.387628356610E+01 -2.466120242771E+03  3.455922317832E+03
  1.283750548972E+01  4.120000000000E+01  3.759494376181E+00  5.787873158641E-01 -1.501181074923E+00  4.297756936778E+00 -2.383984417627E+01 -2.859670729255E+03  5.635182282941E+03
  1.286721304477E+01  4.130000000000E+01  3.781387280908E+00  7.303585761377E-01 -1.501181074923E+00  4.274107747033E+00 -2.378924478949E+01 -3.121535711846E+03  7.089999873294E+03
  1.289692387992E+01  4.140000000000E+01  3.806040136960E+00  8.223895251523E-01 -1.501181074923E+00  4.249022607449E+00 -2.373016514432E+01 -3.268392985524E+03  7.908597166236E+03
  1.292663822384E+01  4.150000000000E+01  3.832124017002E+00  8.700953830177E-01 -1.501181074923E+00  4.223277719201E+00 -2.366687246822E+01 -3.340074593693E+03  8.309510918300E+03
  1.295635614832E+01  4.160000000000E+01  3.858866079091E+00  8.920327456596E-01 -1.501181074923E+00  4.197328040445E+00 -2.360188569420E+01 -3.370740972080E+03  8.481612558925E+03
  1.298607764124E+01  4.170000000000E+01  3.885854363403E+00  9.002357390171E-01 -1.501181074923E+00  4.171414789852E+00 -2.353655192267E+01 -3.378524604580E+03  8.525429010739E+03
  1.301580264641E+01  4.180000000000E+01  3.912827084259E+00  8.997086192676E-01 -1.501181074923E+00  4.145686418315E+00 -2.347171120487E+01 -3.368379427399E+03  8.468046853321E+03
  1.304553107649E+01  4.190000000000E+01  3.939508984882E+00  8.899972681408E-01 -1.501181074923E+00  4.120292443453E+00 -2.340822091639E+01 -3.333666571873E+03  8.271076760513E+03
  1.307526280449E+01  4.200000000000E+01  3.965429268700E+00  8.645733590675E-01 -1.501181074923E+00  4.095482145288E+00 -2.334751849883E+01 -3.251737264176E+03  7.804619797720E+03
  1.310499762782E+01  4.210000000000E+01  3.989611842821E+00  8.065757202987E-01 -1.501181074923E+00  4.071760524129E+00 -2.329252307690E+01 -3.072265910018E+03  6.779378370761E+03
  1.313473518391E+01  4.220000000000E+01  4.010057752990E+00  6.818956705250E-01 -1.501181074923E+00  4.050105454261E+00 -2.324890691819E+01 -2.721358617774E+03  4.768239986901E+03
  1.316447482377E+01  4.230000000000E+01  4.023972033657E+00  4.640413139327E-01 -1.501181074923E+00  4.031737236970E+00 -2.322381719432E+01 -2.237562160058E+03  1.986560011123E+03
  1.319421568927E+01  4.240000000000E+01  4.031023365330E+00  2.351840760457E-01 -1.501181074923E+00  4.016724285399E+00 -2.321784622498E+01 -1.861363450599E+03 -1.838040566183E+02
  1.322395711197E+01  4.250000000000E+01  4.033984880732E+00  9.878927392268E-02 -1.501181074923E+00  4.003787118154E+00 -2.322377551519E+01 -1.672628724609E+03 -1.276491735883E+03
  1.325369875863E+01  4.260000000000E+01  4.035154516766E+00  3.901948151908E-02 -1.501181074923E+00  3.991792027552E+00 -2.323512913512E+01 -1.593789992920E+03 -1.734546158120E+03
  1.328344049257E+01  4.270000000000E+01  4.035609334937E+00  1.517342932917E-02 -1.501181074923E+00  3.980178128931E+00 -2.324868584727E+01 -1.562687139178E+03 -1.915891992965E+03
  1.331318226031E+01  4.280000000000E+01  4.035785417462E+00  5.874462792479E-03 -1.501181074923E+00  3.968713134965E+00 -2.326310623172E+01 -1.550633492509E+03 -1.986419045378E+03
  1.334292404111E+01  4.290000000000E+01  4.035853544432E+00  2.272862730516E-03 -1.501181074923E+00  3.957305674927E+00 -2.327786149949E+01 -1.545985608490E+03 -2.013710550844E+03
  1.337266582698E+01  4.300000000000E+01  4.035877352463E+00  7.942883016467E-04 -1.501181074923E+00  3.945920394354E+00 -2.329274632141E+01 -1.544373034005E+03 -2.023211068889E+03
  1.340240761382E+01  4.310000000000E+01  4.035877352463E+00  0.000000000000E+00 -1.501181074923E+00  3.934539371203E+00 -2.330765606893E+01 -1.544373034005E+03 -2.023211068889E+03
  1.343214940066E+01  4.320000000000E+01  4.035877352463E+00  0.000000000000E+00 -1.501181074923E+00  3.923158348053E+00 -2.332256581645E+01 -1.544373034005E+03 -2.023211068889E+03
  1.346189118750E+01  4.330000000000E+01  4.035877352463E+00  0.000000000000E+00 -1.501181074923E+00  3.911777324903E+00 -2.333747556397E+01 -1.544373034005E+03 -2.023211068889E+03
  1.349163297434E+01  4.340000000000E+01  4.035877352463E+00  0.000000000000E+00 -1.501181074923E+00  3.900396301752E+00 -2.335238531149E+01 -1.544373034005E+03 -2.023211068889E+03
  1.352137476118E+01  4.350000000000E+01  4.035877352463E+00  0.000000000000E+00 -1.501181074923E+00  3.889015278602E+00 -2.336729505901E+01 -1.544373034005E+03 -2.023211068889E+03
  1.355111654802E+01  4.360000000000E+01  4.035877352463E+00  0.000000000000E+00 -1.501181074923E+00  3.877634255451E+00 -2.338220480653E+01 -1.544373034005E+03 -2.023211068889E+03
  1.358085833486E+01  4.370000000000E+01  4.035877352463E+00  0.000000000000E+00 -1.501181074923E+00  3.866253232301E+00 -2.339711455405E+01 -1.544373034005E+03 -2.023211068889E+03
  1.361060012171E+01  4.380000000000E+01  4.035877352463E+00  0.000000000000E+00 -1.501181074923E+00  3.854872209151E+00 -2.341202430157E+01 -1.544373034005E+03 -2.023211068889E+03
  1.364034190855E+01  4.390000000000E+01  4.035877352463E+00  0.000000000000E+00 -1.501181074923E+00  3.843491186000E+00 -2.342693404909E+01 -1.544373034005E+03 -2.023211068889E+03
  1.367008369539E+01  4.400000000000E+01  4.035877352463E+00  0.000000000000E+00 -1.501181074923E+00  3.832110162850E+00 -2.344184379661E+01 -1.544373034005E+03 -2.023211068889E+03
  1.369982548223E+01  4.410000000000E+01  4.035877352463E+00  0.000000000000E+00 -1.501181074923E+00  3.820729139700E+00 -2.345675354413E+01 -1.544373034005E+03 -2.023211068889E+03
  1.372956726907E+01  4.420000000000E+01  4.035877352463E+00  0.000000000000E+00 -1.501181074923E+00  3.809348116549E+00 -2.347166329165E+01 -1.544373034005E+03 -2.023211068889E+03
  1.375930905591E+01  4.430000000000E+01  4.035877352463E+00  0.000000000000E+00 -1.501181074923E+00  3.797967093399E+00 -2.348657303917E+01 -1.544373034005E+03 -2.023211068889E+03
  1.378905084275E+01  4.440000000000E+01  4.035877352463E+00  0.000000000000E+00 -1.501181074923E+00  3.786586070248E+00 -2.350148278669E+01 -1.544373034005E+03 -2.023211068889E+03
  1.381879262959E+01  4.450000000000E+01  4.035877352463E+00  0.000000000000E+00 -1.501181074923E+00  3.775205047098E+00 -2.351639253421E+01 -1.544373034005E+03 -2.023211068889E+03
  1.384853441643E+01  4.460000000000E+01  4.035877352463E+00  0.000000000000E+00 -1.501181074923E+00  3.763824023948E+00 -2.353130228173E+01 -1.544373034005E+03 -2.023211068889E+03
  1.387827620328E+01  4.470000000000E+01  4.035877352463E+00  0.000000000000E+00 -1.501181074923E+00  3.752443000797E+00 -2.354621202925E+01 -1.544373034005E+03 -2.023211068889E+03
  1.390801799012E+01  4.480000000000E+01  4.035877352463E+00  0.000000000000E+00 -1.501181074923E+00  3.741061977647E+00 -2.356112177677E+01 -1.544373034005E+03 -2.023211068889E+03
  1.393775977696E+01  4.490000000000E+01  4.035877352463E+00  0.000000000000E+00 -1.501181074923E+00  3.729680954497E+00 -2.357603152429E+01 -1.544373034005E+03 -2.023211068889E+03
  1.396750156380E+01  4.500000000000E+01  4.035877352463E+00  0.000000000000E+00 -1.501181074923E+00  3.718299931346E+00 -2.359094127181E+01 -1.544373034005E+03 -2.023211068889E+03
  1.399724335064E+01  4.510000000000E+01  4.035877352463E+00  0.000000000000E+00 -1.501181074923E+00  3.706918908196E+00 -2.360585101932E+01 -1.544373034005E+03 -2.023211068889E+03
  1.402698514087E+01  4.520000000000E+01  4.035957726598E+00  2.680545675244E-03 -1.501181074923E+00  3.695525436114E+00 -2.362068069448E+01 -1.549169678963E+03 -1.992580134701E+03
  1.405672694828E+01  4.530000000000E+01  4.036182149272E+00  7.484662187278E-03 -1.501181074923E+00  3.684065881526E+00 -2.363508445661E+01 -1.563271435304E+03 -1.902218516548E+03
  1.408646879946E+01  4.540000000000E+01  4.036759147341E+00  1.924362095706E-02 -1.501181074923E+00  3.672434301089E+00 -2.364837558078E+01 -1.599519846866E+03 -1.669089288197E+03
  1.411621076290E+01  4.550000000000E+01  4.038237585197E+00  4.931001155851E-02 -1.501181074923E+00  3.660368495154E+00 -2.365884757165E+01 -1.689412977160E+03 -1.088843029136E+03
  1.414595300849E+01  4.560000000000E+01  4.041912610235E+00  1.225840516360E-01 -1.501181074923E+00  3.647276179403E+00 -2.366262805401E+01 -1.891161017977E+03  2.179953528207E+02
  1.417569591470E+01  4.570000000000E+01  4.050134108741E+00  2.742708692489E-01 -1.501181074923E+00  3.632170808792E+00 -2.365322075527E+01 -2.236587301753E+03  2.463140243845E+03
  1.420544011267E+01  4.580000000000E+01  4.064675551798E+00  4.851315207564E-01 -1.501181074923E+00  3.614379808216E+00 -2.362608163301E+01 -2.606740321984E+03  4.877697671979E+03
  1.423518627108E+01  4.590000000000E+01  4.084646133728E+00  6.662381811865E-01 -1.501181074923E+00  3.594286221272E+00 -2.358352062448E+01 -2.879017227271E+03  6.660602763570E+03
  1.426493486997E+01  4.600000000000E+01  4.108195571509E+00  7.855929809635E-01 -1.501181074923E+00  3.572719991046E+00 -2.353082969129E+01 -3.044067128642E+03  7.745513472983E+03
  1.429468617757E+01  4.610000000000E+01  4.133732664593E+00  8.518648473533E-01 -1.501181074923E+00  3.550397618949E+00 -2.347263362848E+01 -3.129443801486E+03  8.308907877959E+03
  1.432444030516E+01  4.620000000000E+01  4.160232765118E+00  8.839669547772E-01 -1.501181074923E+00  3.527783896877E+00 -2.341195810835E+01 -3.168549305339E+03  8.567970275142E+03
  1.435419727339E+01  4.630000000000E+01  4.187142750569E+00  8.976275059620E-01 -1.501181074923E+00  3.505130891267E+00 -2.335045786622E+01 -3.182921614694E+03  8.663534651856E+03
  1.438395705604E+01  4.640000000000E+01  4.214151884212E+00  9.009270337313E-01 -1.501181074923E+00  3.482577525708E+00 -2.328905587187E+01 -3.181508664927E+03  8.654068303723E+03
  1.441371959926E+01  4.650000000000E+01  4.241009619047E+00  8.958688361463E-01 -1.501181074923E+00  3.460231221581E+00 -2.322847730158E+01 -3.163379704060E+03  8.532511522500E+03
  1.444348482261E+01  4.660000000000E+01  4.267362020007E+00  8.789994888472E-01 -1.501181074923E+00  3.438238530900E+00 -2.316972177366E+01 -3.116633883029E+03  8.217909436517E+03
  1.447325260161E+01  4.670000000000E+01  4.292515797480E+00  8.389931727030E-01 -1.501181074923E+00  3.416880678761E+00 -2.311471478626E+01 -3.011237895187E+03  7.505915429196E+03
  1.450302272060E+01  4.680000000000E+01  4.315007422309E+00  7.501556532917E-01 -1.501181074923E+00  3.396730673506E+00 -2.306739181326E+01 -2.790215171726E+03  6.007347151878E+03
  1.453279477868E+01  4.690000000000E+01  4.332212407405E+00  5.737955337222E-01 -1.501181074923E+00  3.378732153649E+00 -2.303427356638E+01 -2.418720965940E+03  3.479814273735E+03
  1.456256813756E+01  4.700000000000E+01  4.342186808653E+00  3.326596369944E-01 -1.501181074923E+00  3.363488929099E+00 -2.301965837669E+01 -2.040455651601E+03  8.967456265843E+02
  1.459234215584E+01  4.710000000000E+01  4.346673862506E+00  1.496670256934E-01 -1.501181074923E+00  3.350366606538E+00 -2.301941030525E+01 -1.815875522615E+03 -6.430497957803E+02
  1.462211645029E+01  4.720000000000E+01  4.348478566487E+00  6.020225725435E-02 -1.501181074923E+00  3.338322403122E+00 -2.302650686345E+01 -1.716242651180E+03 -1.328939017609E+03
  1.465189085310E+01  4.730000000000E+01  4.349181139015E+00  2.343787449818E-02 -1.501181074923E+00  3.326730056135E+00 -2.303669549480E+01 -1.676370246169E+03 -1.604522668753E+03
  1.468166529775E+01  4.740000000000E+01  4.349452359242E+00  9.048099279458E-03 -1.501181074923E+00  3.315315405928E+00 -2.304810508912E+01 -1.660903513438E+03 -1.711846984182E+03
  1.471143975854E+01  4.750000000000E+01  4.349557125745E+00  3.495110107918E-03 -1.501181074923E+00  3.303969379451E+00 -2.305998807305E+01 -1.654944710709E+03 -1.753359578425E+03
  1.474121422557E+01  4.760000000000E+01  4.349597720762E+00  1.354291894643E-03 -1.501181074923E+00  3.292649789745E+00 -2.307205414978E+01 -1.652647735240E+03 -1.769426065622E+03
  1.477098869454E+01  4.770000000000E+01  4.349601789777E+00  1.357465693733E-04 -1.501181074923E+00  3.281338429492E+00 -2.308417741292E+01 -1.652419488155E+03 -1.771026284240E+03
  1.480076316352E+01  4.780000000000E+01  4.349601789777E+00  0.000000000000E+00 -1.501181074923E+00  3.270027069242E+00 -2.309630067609E+01 -1.652419488155E+03 -1.771026284240E+03
  1.483053763250E+01  4.790000000000E+01  4.349601789777E+00  0.000000000000E+00 -1.501181074923E+00  3.258715708992E+00 -2.310842393925E+01 -1.652419488155E+03 -1.771026284240E+03
  1.486031210148E+01  4.800000000000E+01  4.349601789777E+00  0.000000000000E+00 -1.501181074923E+00  3.247404348742E+00 -2.312054720242E+01 -1.652419488155E+03 -1.771026284240E+03
  1.489008657045E+01  4.810000000000E+01  4.349601789777E+00  0.000000000000E+00 -1.501181074923E+00  3.236092988492E+00 -2.313267046558E+01 -1.652419488155E+03 -1.771026284240E+03
  1.491986103943E+01  4.820000000000E+01  4.349601789777E+00  0.000000000000E+00 -1.501181074923E+00  3.224781628242E+00 -2.314479372874E+01 -1.652419488155E+03 -1.771026284240E+03
  1.494963550841E+01  4.830000000000E+01  4.349601789777E+00  0.000000000000E+00 -1.501181074923E+00  3.213470267992E+00 -2.315691699191E+01 -1.652419488155E+03 -1.771026284240E+03
  1.497940997739E+01  4.840000000000E+01  4.349601789777E+00  0.000000000000E+00 -1.501181074923E+00  3.202158907742E+00 -2.316904025507E+01 -1.652419488155E+03 -1.771026284240E+03
  1.500000000000E+01  4.846915328240E+01  4.349601789777E+00  0.000000000000E+00 -1.501181074923E+00  3.194336730846E+00 -2.317742388949E+01 -1.652419488155E+03 -1.771026284240E+03
