  7.293519151201E-01  1.000000000000E-01  2.458499994599E+00  2.200351804683E-11 -1.529500091043E-04  2.999999991090E+01  8.916355963417E-04 -2.592874095126E-02  1.629754720428E+02
  7.587038300447E-01  2.000000000000E-01  2.458499961899E+00  4.524405778899E-11 -3.892393240516E-04  2.999999887756E+01  4.313801850891E-03 -1.859457717819E-01  4.328435092172E+02
  7.880557441662E-01  3.000000000000E-01  2.458499846226E+00  3.593547272002E-11 -7.634512152057E-04  2.999999381948E+01  1.189211244776E-02 -7.807569098544E-01  8.695518081496E+02
  8.174076558566E-01  4.000000000000E-01  2.458499530541E+00  1.196818338598E-11 -1.353728749013E-03  2.999997555874E+01  2.593924759933E-02 -2.584107072044E+00  1.519321860141E+03
  8.467595618863E-01  5.000000000000E-01  2.458498883653E+00  3.451909269191E-10 -2.242530187961E-03  2.999992161364E+01  4.888506241977E-02 -7.042614607608E+00  2.342882161915E+03
  8.761114582711E-01  6.000000000000E-01  2.458497945462E+00  5.496244189713E-10 -3.470993721277E-03  2.999979048912E+01  8.193729025030E-02 -1.570091423871E+01  3.178373999086E+03
  9.054633431515E-01  7.000000000000E-01  2.458497019926E+00  1.580760342507E-10 -5.003418553825E-03  2.999952878274E+01  1.240210659354E-01 -2.878311770273E+01  3.827840137665E+03
  9.348152188517E-01  8.000000000000E-01  2.458496455151E+00  7.004643051171E-12 -6.738278736524E-03  2.999909243049E+01  1.721187737189E-01 -4.452354619630E+01  4.174709896540E+03
  9.641670909725E-01  9.000000000000E-01  2.458496434581E+00  1.175172045930E-12 -8.557345008221E-03  2.999846719936E+01  2.223654002691E-01 -5.989755118348E+01  4.186614355694E+03
  9.935189661746E-01  1.000000000000E+00  2.458496958632E+00  3.571904133065E-12 -1.032648036680E-02  2.999767652012E+01  2.707637338850E-01 -7.166118613176E+01  3.866449865248E+03
  1.022870850168E+00  1.100000000000E+00  2.458497863153E+00  1.385465430562E-10 -1.190373737093E-02  2.999678244807E+01  3.134563224922E-01 -7.689765209899E+01  3.240548394561E+03
  1.052222745594E+00  1.200000000000E+00  2.458498809869E+00  5.361408946964E-10 -1.318461119387E-02  2.999586873771E+01  3.473410767129E-01 -7.514596111315E+01  2.417953910478E+03
  1.081574650891E+00  1.300000000000E+00  2.458499482548E+00  4.129642678359E-10 -1.412811784857E-02  2.999500553624E+01  3.711897185478E-01 -6.906063870342E+01  1.593699326560E+03
  1.110926562150E+00  1.400000000000E+00  2.458499820605E+00  1.934392459427E-11 -1.477139640689E-02  2.999422169996E+01  3.860876147016E-01 -6.238573957832E+01  9.373001140506E+02
  1.140278476052E+00  1.500000000000E+00  2.458499949501E+00  2.641040785930E-11 -1.519610948321E-02  2.999350952274E+01  3.944384540084E-01 -5.723112954843E+01  4.953455645876E+02
  1.169630390873E+00  1.600000000000E+00  2.458499989044E+00  5.215591505952E-11 -1.548190817028E-02  2.999284784475E+01  3.986076387773E-01 -5.387805530656E+01  2.265278824006E+02
  1.198982305952E+00  1.700000000000E+00  2.458499998533E+00  2.291582135707E-11 -1.568579916973E-02  2.999221777436E+01  4.002899090885E-01 -5.184916682731E+01  6.982226639430E+01
  1.228334221081E+00  1.800000000000E+00  2.458499999475E+00  7.530367733802E-12 -1.584275708611E-02  2.999160645032E+01  4.005413047668E-01 -5.066843215666E+01 -1.914492814841E+01
  1.257686136209E+00  1.900000000000E+00  2.458499998664E+00  5.643910108986E-12 -1.597374599955E-02  2.999100578531E+01  3.999977838692E-01 -5.002472478537E+01 -6.650536711437E+01
  1.287038051326E+00  2.000000000000E+00  2.458499997954E+00  3.556436508222E-13 -1.609146084285E-02  2.999041071155E+01  3.990489972092E-01 -4.970483918900E+01 -8.913057193864E+01
  1.316389966439E+00  2.100000000000E+00  2.458499997781E+00  5.411968600469E-13 -1.620406291853E-02  2.998981799192E+01  3.979411371538E-01 -4.962179512164E+01 -9.382369306736E+01
  1.345741881552E+00  2.200000000000E+00  2.458499998106E+00  4.638830228804E-14 -1.631767530044E-02  2.998922513284E+01  3.968624348851E-01 -4.972077436651E+01 -8.481957719143E+01
  1.375093796671E+00  2.300000000000E+00  2.458499998716E+00  1.546276742627E-14 -1.643716335075E-02  2.998863017108E+01  3.959600340871E-01 -4.997028126923E+01 -6.459280450286E+01
  1.404445711798E+00  2.400000000000E+00  2.458499999322E+00  1.546276742227E-14 -1.656681065342E-02  2.998803137673E+01  3.953619660173E-01 -5.036237102689E+01 -3.390774769608E+01
  1.433797626930E+00  2.500000000000E+00  2.458499999536E+00  9.277660451675E-14 -1.671053265919E-02  2.998742708118E+01  3.951889809887E-01 -5.089283492987E+01  6.633306476456E+00
  1.463149542059E+00  2.600000000000E+00  2.458499998841E+00  4.484202551985E-13 -1.687248323220E-02  2.998681553169E+01  3.955638510877E-01 -5.158386152717E+01  5.824992013652E+01
  1.492501457172E+00  2.700000000000E+00  2.458499996448E+00  6.339734646241E-13 -1.705748515700E-02  2.998619459647E+01  3.966309245792E-01 -5.246916295481E+01  1.227400385453E+02
  1.521853372239E+00  2.800000000000E+00  2.458499991101E+00  3.711064188803E-13 -1.727122877827E-02  2.998556168397E+01  3.985579592579E-01 -5.360368800880E+01  2.030712678141E+02
  1.551205287216E+00  2.900000000000E+00  2.458499980742E+00  1.190633097605E-12 -1.752064099421E-02  2.998491335552E+01  4.015584194828E-01 -5.506726854545E+01  3.033368575131E+02
  1.580557202022E+00  3.000000000000E+00  2.458499961701E+00  7.422128443834E-13 -1.781488776240E-02  2.998424494176E+01  4.059088304967E-01 -5.699593941392E+01  4.306046062743E+02
  1.609909116519E+00  3.100000000000E+00  2.458499927615E+00  1.963771504760E-12 -1.816638536210E-02  2.998354981668E+01  4.119829185331E-01 -5.958153727822E+01  5.939029555402E+02
  1.639261030464E+00  3.200000000000E+00  2.458499866732E+00  4.406888892651E-12 -1.859193226358E-02  2.998281843540E+01  4.202880806554E-01 -6.313550890149E+01  8.072478496096E+02
  1.668612943420E+00  3.300000000000E+00  2.458499756720E+00  8.952942999753E-12 -1.911518120256E-02  2.998203645175E+01  4.315401281676E-01 -6.816420712404E+01  1.091749556126E+03
  1.697964854570E+00  3.400000000000E+00  2.458499554229E+00  2.563727185989E-11 -1.976977515414E-02  2.998118172676E+01  4.467612694979E-01 -7.550238223768E+01  1.478687484821E+03
  1.727316762343E+00  3.500000000000E+00  2.458499170409E+00  6.842276298457E-11 -2.060517149202E-02  2.998021875666E+01  4.674492302537E-01 -8.662090397268E+01  2.017911113368E+03
  1.756668663589E+00  3.600000000000E+00  2.458498415260E+00  2.043096425700E-10 -2.169587819341E-02  2.997908804633E+01  4.958605766878E-01 -1.042103711289E+02  2.789570670371E+03
  1.786020551659E+00  3.700000000000E+00  2.458496858181E+00  5.788956203740E-10 -2.315721220823E-02  2.997768466671E+01  5.355039397796E-01 -1.335053729247E+02  3.928227886094E+03
  1.815372411722E+00  3.800000000000E+00  2.458493463978E+00  1.741389208380E-09 -2.517425812733E-02  2.997581263714E+01  5.920158611229E-01 -1.852854802792E+02  5.666038203919E+03
  1.844724208629E+00  3.900000000000E+00  2.458485606050E+00  5.869736543110E-09 -2.805365514032E-02  2.997308192379E+01  6.747403939296E-01 -2.831162562974E+02  8.408109139638E+03
  1.874075854027E+00  4.000000000000E+00  2.458466271328E+00  1.623053473602E-08 -3.231535543662E-02  2.996866203336E+01  7.995470638703E-01 -4.819535195388E+02  1.286912835644E+04
  1.903427115794E+00  4.100000000000E+00  2.458416448097E+00  3.611139115212E-08 -3.885898241991E-02  2.996066915761E+01  9.935443100034E-01 -9.155376748780E+02  2.024818114229E+04
  1.932777381347E+00  4.200000000000E+00  2.458287543894E+00  3.408383414018E-08 -4.919072264953E-02  2.994463819431E+01  1.301477915436E+00 -1.909459176208E+03  3.226406438381E+04
  1.962125160074E+00  4.300000000000E+00  2.457978833922E+00 -3.674440432150E-08 -6.554173736156E-02  2.991006187580E+01  1.788852585783E+00 -4.189281097866E+03  5.044562267166E+04
  1.991467541369E+00  4.400000000000E+00  2.457368119203E+00  7.667323939346E-08 -9.044785785420E-02  2.983453019914E+01  2.528322784465E+00 -9.012353790070E+03  7.404710956930E+04
  2.020800763014E+00  4.500000000000E+00  2.456467504263E+00  1.349325702966E-07 -1.254710576812E-01  2.967940299330E+01  3.560236182755E+00 -1.767638004663E+04  9.837294442443E+04
  2.050122719542E+00  4.600000000000E+00  2.455539475164E+00 -3.270184328382E-07 -1.699683378931E-01  2.939648655960E+01  4.853153228761E+00 -3.027671350540E+04  1.167537942902E+05
  2.079435157181E+00  4.700000000000E+00  2.454920978424E+00 -4.174660793031E-07 -2.211690304357E-01  2.894762864911E+01  6.306031869167E+00 -4.504677829582E+04  1.247235260730E+05
  2.108743102932E+00  4.800000000000E+00  2.454803171197E+00 -2.563613164934E-07 -2.752526195122E-01  2.832402863697E+01  7.785099339426E+00 -5.901156027879E+04  1.211658747203E+05
  2.138052784544E+00  4.900000000000E+00  2.455201344608E+00 -4.114086228782E-08 -3.281819527936E-01  2.755452276373E+01  9.156788136526E+00 -6.899583932980E+04  1.069956461692E+05
  2.167369680868E+00  5.000000000000E+00  2.455974325134E+00  3.098290729083E-07 -3.759923814608E-01  2.670219839339E+01  1.030641012932E+01 -7.262694394637E+04  8.448445785518E+04
  2.196696653130E+00  5.100000000000E+00  2.456833637312E+00  7.414966689019E-07 -4.153493275287E-01  2.584708752168E+01  1.115705170298E+01 -6.966652152395E+04  5.776976619438E+04
  2.226032863615E+00  5.200000000000E+00  2.457486701156E+00  5.452785644185E-07 -4.446281019561E-01  2.505488501719E+01  1.169158900705E+01 -6.268199398042E+04  3.244153419740E+04
  2.255375083383E+00  5.300000000000E+00  2.457845426281E+00  8.757713789765E-08 -4.645244069926E-01  2.435174475282E+01  1.195484534836E+01 -5.527287978680E+04  1.277317684011E+04
  2.284720249075E+00  5.400000000000E+00  2.458000588980E+00  4.015220076527E-08 -4.772995307611E-01  2.372802942983E+01  1.202312690898E+01 -4.955187365650E+04 -3.272380331141E+02
  2.314066611262E+00  5.500000000000E+00  2.458059684728E+00  4.893936148944E-08 -4.853810057382E-01  2.316067973703E+01  1.196738646388E+01 -4.577918980128E+04 -8.321658476815E+03
  2.343413420270E+00  5.600000000000E+00  2.458081495285E+00  2.407036123125E-08 -4.905815905487E-01  2.262922177984E+01  1.183725508307E+01 -4.344007015717E+04 -1.306615066321E+04
  2.372760395412E+00  5.700000000000E+00  2.458089747823E+00  9.169155124430E-09 -4.940409954805E-01  2.211986709885E+01  1.166287828614E+01 -4.200138015581E+04 -1.590844165484E+04
  2.402107434669E+00  5.800000000000E+00  2.458093030521E+00  2.813624132322E-09 -4.964272909679E-01  2.162420755385E+01  1.146167081822E+01 -4.109912976279E+04 -1.766120199844E+04
  2.431454500018E+00  5.900000000000E+00  2.458094407754E+00  8.342613697393E-10 -4.981327985563E-01  2.113724983339E+01  1.124365340789E+01 -4.051641712430E+04 -1.878046468046E+04
  2.460801576533E+00  6.000000000000E+00  2.458095011530E+00  2.958979073333E-10 -4.993926111068E-01  2.065599119712E+01  1.101473213149E+01 -4.012892026029E+04 -1.951889945698E+04
  2.490148658019E+00  6.100000000000E+00  2.458095284963E+00  9.902440703599E-11 -5.003512909162E-01  2.017857302991E+01  1.077851286976E+01 -3.986384057655E+04 -2.002118017733E+04
  2.519495741772E+00  6.200000000000E+00  2.458095410448E+00  3.425566837912E-11 -5.011016335836E-01  1.970381216411E+01  1.053726895599E+01 -3.967838035117E+04 -2.037112348875E+04
  2.548842826562E+00  6.300000000000E+00  2.458095467134E+00  1.698091311606E-11 -5.017058600253E-01  1.923092199434E+01  1.029250067203E+01 -3.954710256857E+04 -2.061806346572E+04
  2.578189911812E+00  6.400000000000E+00  2.458095491517E+00  4.902503983042E-12 -5.022073967616E-01  1.875936044488E+01  1.004523606636E+01 -3.945379460949E+04 -2.079317400023E+04
  2.607536997252E+00  6.500000000000E+00  2.458095500725E+00  1.190829035533E-12 -5.026388649227E-01  1.828873397355E+01  9.796218071029E+00 -3.938934773949E+04 -2.091391896935E+04
  2.636884082755E+00  6.600000000000E+00  2.458095503280E+00  0.000000000000E+00 -5.030278717083E-01  1.781872924580E+01  9.546035834582E+00 -3.934926300992E+04 -2.098894147783E+04
  2.666231168272E+00  6.700000000000E+00  2.458095503342E+00  8.660574781038E-13 -5.034020431934E-01  1.734905948506E+01  9.295226704325E+00 -3.933357873998E+04 -2.101831206783E+04
  2.695578253780E+00  6.800000000000E+00  2.458095501813E+00  4.500405824894E-12 -5.037948413292E-01  1.687941275331E+01  9.044373551981E+00 -3.934651548454E+04 -2.099426333774E+04
  2.724925339242E+00  6.900000000000E+00  2.458095493894E+00  8.428595115102E-12 -5.042527275453E-01  1.640939698568E+01  8.794207284705E+00 -3.939732465979E+04 -2.089969177974E+04
  2.754272424493E+00  7.000000000000E+00  2.458095461963E+00  1.098037169686E-12 -5.048425415022E-01  1.593848910868E+01  8.545700250976E+00 -3.949757630703E+04 -2.071339546124E+04
  2.783619509047E+00  7.100000000000E+00  2.458095370559E+00  4.099854374470E-11 -5.056498510272E-01  1.546606894471E+01  8.299998554480E+00 -3.964892277960E+04 -2.043319785505E+04
  2.812966591997E+00  7.200000000000E+00  2.458095192346E+00  1.877643707401E-10 -5.067513818850E-01  1.499165555898E+01  8.057973977693E+00 -3.982415661412E+04 -2.011132413141E+04
  2.842313672444E+00  7.300000000000E+00  2.458094964196E+00  1.149536847614E-10 -5.081689637893E-01  1.451527201543E+01  7.819541507785E+00 -3.996962154772E+04 -1.984892458739E+04
  2.871660750317E+00  7.400000000000E+00  2.458094775897E+00  3.541557395456E-12 -5.098594443487E-01  1.403756646848E+01  7.583446798338E+00 -4.004082404022E+04 -1.972836998001E+04
  2.901007826529E+00  7.500000000000E+00  2.458094692444E+00  1.639323603266E-12 -5.117149384177E-01  1.355953063282E+01  7.347814339223E+00 -4.002476233392E+04 -1.977131363222E+04
  2.930354902449E+00  7.600000000000E+00  2.458094724532E+00  7.578005411423E-12 -5.135961180053E-01  1.308219036278E+01  7.110740887439E+00 -3.992570520955E+04 -1.996664101767E+04
  2.959701979294E+00  7.700000000000E+00  2.458094838983E+00  1.687266049629E-11 -5.153718446568E-01  1.260647517437E+01  6.870538293645E+00 -3.975486449294E+04 -2.029080533389E+04
  2.989049057692E+00  7.800000000000E+00  2.458094972165E+00  7.293442959814E-11 -5.169207793737E-01  1.213313610636E+01  6.625874831215E+00 -3.953244920047E+04 -2.070499351040E+04
  3.018396137439E+00  7.900000000000E+00  2.458095056159E+00  1.187272244039E-10 -5.181574079688E-01  1.166257883450E+01  6.376061929187E+00 -3.929649165466E+04 -2.113963393647E+04
  3.047743217752E+00  8.000000000000E+00  2.458095069029E+00  2.918304912323E-11 -5.190650608957E-01  1.119468511009E+01  6.121359020754E+00 -3.909296579088E+04 -2.151220904796E+04
  3.077090297935E+00  8.100000000000E+00  2.458095041028E+00  2.690964796023E-12 -5.196955427714E-01  1.072888877321E+01  5.862823499903E+00 -3.894640626911E+04 -2.177958243312E+04
  3.106437377719E+00  8.200000000000E+00  2.458095006205E+00  1.693452006725E-11 -5.201290891211E-01  1.026451591517E+01  5.601693704767E+00 -3.885229794749E+04 -2.195092057287E+04
  3.135784457121E+00  8.300000000000E+00  2.458094977168E+00  2.276494416804E-11 -5.204343958996E-01  9.801040566033E+00  5.338930955594E+00 -3.879242350451E+04 -2.205979616484E+04
  3.165131536198E+00  8.400000000000E+00  2.458094953377E+00  1.498898378482E-10 -5.206498078536E-01  9.338172966002E+00  5.075062903688E+00 -3.875103461877E+04 -2.213506324709E+04
  3.194478615084E+00  8.500000000000E+00  2.458094943795E+00  1.051641461016E-12 -5.208119351894E-01  8.875646375535E+00  4.810576166848E+00 -3.873250494805E+04 -2.216853347913E+04
  3.223825693888E+00  8.600000000000E+00  2.458094939249E+00  4.020982068073E-13 -5.209540319754E-01  8.413293193443E+00  4.545777288331E+00 -3.872125932564E+04 -2.218867375722E+04
  3.253172772659E+00  8.700000000000E+00  2.458094938077E+00  1.701184723025E-13 -5.210882133047E-01  7.951047605731E+00  4.280786962264E+00 -3.871412987019E+04 -2.220124044159E+04
  3.282519851431E+00  8.800000000000E+00  2.458094939473E+00  3.093063132577E-14 -5.212226944232E-01  7.488871154023E+00  4.015676275441E+00 -3.870948004918E+04 -2.220919221718E+04
  3.311866930234E+00  8.900000000000E+00  2.458094943034E+00  3.093063129418E-14 -5.213639508132E-01  7.026740388966E+00  3.750489273242E+00 -3.870632905507E+04 -2.221428929003E+04
  3.341214009090E+00  9.000000000000E+00  2.458094948486E+00  3.093063123727E-14 -5.215174160485E-01  6.564642007614E+00  3.485251818768E+00 -3.870395324523E+04 -2.221782527582E+04
  3.370561088023E+00  9.100000000000E+00  2.458094955752E+00  0.000000000000E+00 -5.216879471736E-01  6.102570127741E+00  3.219976573522E+00 -3.870184415307E+04 -2.222069517005E+04
  3.399908167055E+00  9.200000000000E+00  2.458094965281E+00  4.639594657828E-14 -5.218809303024E-01  5.640522430245E+00  2.954670261243E+00 -3.869985730186E+04 -2.222310129284E+04
  3.429255246216E+00  9.300000000000E+00  2.458094977417E+00  6.186126183267E-14 -5.221027581060E-01  5.178499455013E+00  2.689335154149E+00 -3.869764882135E+04 -2.222560464528E+04
  3.458602325540E+00  9.400000000000E+00  2.458094992683E+00  1.546531537252E-14 -5.223610152331E-01  4.716506049812E+00  2.423966537478E+00 -3.869488010992E+04 -2.222873647100E+04
  3.487949405070E+00  9.500000000000E+00  2.458095012309E+00  0.000000000000E+00 -5.226656342568E-01  4.254549744644E+00  2.158556259367E+00 -3.869135344811E+04 -2.223270471941E+04
  3.517296484868E+00  9.600000000000E+00  2.458095037724E+00  1.546531512260E-14 -5.230298982985E-01  3.792642406923E+00  1.893090282570E+00 -3.868660059930E+04 -2.223816484409E+04
  3.546643565015E+00  9.700000000000E+00  2.458095071259E+00  4.639594481604E-14 -5.234719427417E-01  3.330801974922E+00  1.627546495122E+00 -3.868002623433E+04 -2.224589283917E+04
  3.575990645627E+00  9.800000000000E+00  2.458095116240E+00  4.639594408131E-14 -5.240173054960E-01  2.869055653780E+00  1.361890432642E+00 -3.867061762211E+04 -2.225727691035E+04
  3.605337726870E+00  9.900000000000E+00  2.458095178137E+00  2.165144010564E-13 -5.247026422840E-01  2.407445706404E+00  1.096067149446E+00 -3.865686150790E+04 -2.227433061040E+04
  3.634684808992E+00  1.000000000000E+01  2.458095265395E+00  6.340778697955E-13 -5.255820361169E-01  1.946038398474E+00  8.299893386908E-01 -3.863609608819E+04 -2.230071404578E+04
  3.664031892373E+00  1.010000000000E+01  2.458095391941E+00  2.134213226344E-12 -5.267378431753E-01  1.484942060305E+00  5.635115721406E-01 -3.860377799932E+04 -2.234269387856E+04
  3.693378977611E+00  1.020000000000E+01  2.458095581516E+00  7.175904886837E-12 -5.282987540588E-01  1.024338393972E+00  2.963871019121E-01 -3.855175052204E+04 -2.241156379873E+04
  3.722726065682E+00  1.030000000000E+01  2.458095875727E+00  2.694057134839E-11 -5.304734934822E-01  5.645439724042E-01  2.818233671437E-02 -3.846475270645E+04 -2.252847234316E+04
  3.752073158224E+00  1.040000000000E+01  2.458096346065E+00  1.066023708471E-10 -5.336113857052E-01  1.061327838414E-01 -2.418935111088E-01 -3.831324319642E+04 -2.273438820254E+04
  3.781420257995E+00  1.050000000000E+01  2.458097111181E+00  4.043094580866E-10 -5.383042743937E-01 -3.498158140524E-01 -5.153282727421E-01 -3.803880489556E+04 -2.310941224773E+04
  3.810767369438E+00  1.060000000000E+01  2.458098328053E+00  1.281191719164E-09 -5.455543310469E-01 -8.012241547532E-01 -7.949613802269E-01 -3.752678380975E+04 -2.380659392395E+04
  3.840114498468E+00  1.070000000000E+01  2.458100036219E+00  2.688454940251E-09 -5.569737251219E-01 -1.244120243378E+00 -1.086085260241E+00 -3.656831677166E+04 -2.508733424400E+04
  3.869461648235E+00  1.080000000000E+01  2.458101601926E+00  1.046473518074E-09 -5.747920410327E-01 -1.671366414167E+00 -1.397677321776E+00 -3.484687889488E+04 -2.728761600417E+04
  3.898808806344E+00  1.090000000000E+01  2.458100996985E+00 -3.334838862286E-09 -6.012912380646E-01 -2.071843278745E+00 -1.742096769167E+00 -3.204285985280E+04 -3.058018324002E+04
  3.928155931607E+00  1.100000000000E+01  2.458095851282E+00 -1.567484585855E-09 -6.375880088773E-01 -2.431771095311E+00 -2.130972471626E+00 -2.807185747494E+04 -3.462889475359E+04
  3.957502969634E+00  1.110000000000E+01  2.458086875691E+00 -2.494945513324E-09 -6.826826229106E-01 -2.738660787087E+00 -2.568725648425E+00 -2.323770750436E+04 -3.861766125132E+04
  3.986849900746E+00  1.120000000000E+01  2.458078987010E+00 -3.807951043639E-09 -7.337098939113E-01 -2.985569924941E+00 -3.049520919649E+00 -1.813945431284E+04 -4.172596929555E+04
  4.016196776715E+00  1.130000000000E+01  2.458078710891E+00 -1.345723742054E-09 -7.869042420716E-01 -3.173719065376E+00 -3.559519474699E+00 -1.352835445814E+04 -4.345615247593E+04
  4.045543722687E+00  1.140000000000E+01  2.458091365300E+00 -1.696862113124E-10 -8.383069835213E-01 -3.313852719076E+00 -4.080968051148E+00 -1.023290813487E+04 -4.364092005074E+04
  4.074890904639E+00  1.150000000000E+01  2.458117780183E+00  1.634291486792E-09 -8.841170719052E-01 -3.426212013868E+00 -4.595906049716E+00 -8.960392719135E+03 -4.241571437346E+04
  4.104238452229E+00  1.160000000000E+01  2.458150745365E+00  1.945443770813E-08 -9.213249556780E-01 -3.536522292556E+00 -5.090001072584E+00 -9.834487854462E+03 -4.025669498186E+04
  4.133586372435E+00  1.170000000000E+01  2.458178432323E+00  2.708605876917E-08 -9.487104296948E-01 -3.666565085886E+00 -5.556325879585E+00 -1.207973893701E+04 -3.788514668614E+04
  4.162934557391E+00  1.180000000000E+01  2.458194924297E+00  7.257985697212E-09 -9.672184051828E-01 -3.825714056374E+00 -5.996227644609E+00 -1.453806343117E+04 -3.589943612520E+04
  4.192282881800E+00  1.190000000000E+01  2.458202529681E+00  3.808945577155E-10 -9.790973931087E-01 -4.011618561682E+00 -6.415926392589E+00 -1.649917954079E+04 -3.450378014669E+04
  4.221631265912E+00  1.200000000000E+01  2.458205534701E+00  7.162751660824E-10 -9.866285845057E-01 -4.217179633161E+00 -6.822111440946E+00 -1.784215533974E+04 -3.360978227387E+04
  4.250979672704E+00  1.210000000000E+01  2.458206626066E+00  5.231215605421E-10 -9.914854682470E-01 -4.435759112136E+00 -7.219794962974E+00 -1.870943853253E+04 -3.305376464738E+04
  4.280328087495E+00  1.220000000000E+01  2.458206993395E+00  2.482070168231E-10 -9.947211279102E-01 -4.662688065698E+00 -7.612185772583E+00 -1.926474718105E+04 -3.270562730834E+04
  4.309676504835E+00  1.230000000000E+01  2.458207097213E+00  8.709668519360E-11 -9.969554085323E-01 -4.895000430500E+00 -8.001225215275E+00 -1.962698573288E+04 -3.248168056958E+04
  4.339024922760E+00  1.240000000000E+01  2.458207107668E+00  3.075910926788E-11 -9.985518145128E-01 -5.130868976261E+00 -8.388076124451E+00 -1.986982911431E+04 -3.233290331604E+04
  4.368373340592E+00  1.250000000000E+01  2.458207087558E+00  1.387175520423E-11 -9.997286969063E-01 -5.369151954622E+00 -8.773452336902E+00 -2.003711815320E+04 -3.223103340210E+04
  4.397721758125E+00  1.260000000000E+01  2.458207059837E+00  3.371285022596E-12 -1.000619872818E+00 -5.609124290009E+00 -9.157801948653E+00 -2.015627961598E+04 -3.215876704982E+04
  4.427070175327E+00  1.270000000000E+01  2.458207032755E+00  1.190774998503E-12 -1.001310456021E+00 -5.850313405685E+00 -9.541414688930E+00 -2.024296756850E+04 -3.210634385217E+04
  4.456418592223E+00  1.280000000000E+01  2.458207008870E+00  7.732305265466E-13 -1.001856775648E+00 -6.092396274567E+00 -9.924487491730E+00 -2.030755578416E+04 -3.206736129068E+04
  4.485767008855E+00  1.290000000000E+01  2.458206988554E+00  2.783629920610E-13 -1.002296488829E+00 -6.335155455753E+00 -1.030715234929E+01 -2.035698839183E+04 -3.203756208386E+04
  4.515115425267E+00  1.300000000000E+01  2.458206971858E+00  1.221704252130E-12 -1.002667974463E+00 -6.578425338454E+00 -1.068950972468E+01 -2.039325154663E+04 -3.201577327860E+04
  4.544463841499E+00  1.310000000000E+01  2.458206958446E+00  1.701107196886E-13 -1.002990879195E+00 -6.822066443376E+00 -1.107164442273E+01 -2.041995897940E+04 -3.199977596296E+04
  4.573812257587E+00  1.320000000000E+01  2.458206947647E+00  7.732305478394E-14 -1.003267495957E+00 -7.065985474177E+00 -1.145361286760E+01 -2.043997759628E+04 -3.198782260193E+04
  4.603160673560E+00  1.330000000000E+01  2.458206939014E+00  2.938276093327E-13 -1.003508236335E+00 -7.310109596013E+00 -1.183545912838E+01 -2.045470921336E+04 -3.197906799997E+04
  4.632509089442E+00  1.340000000000E+01  2.458206932243E+00  3.247568323812E-13 -1.003721361784E+00 -7.554381594426E+00 -1.221721785116E+01 -2.046490760680E+04 -3.197306315670E+04
  4.661857505250E+00  1.350000000000E+01  2.458206926714E+00  0.000000000000E+00 -1.003912967500E+00 -7.798758722137E+00 -1.259891491360E+01 -2.047240486303E+04 -3.196868831145E+04
  4.691205920999E+00  1.360000000000E+01  2.458206922368E+00  1.546461113538E-14 -1.004087447829E+00 -8.043208525913E+00 -1.298056996718E+01 -2.047705128364E+04 -3.196604655539E+04
  4.720554336703E+00  1.370000000000E+01  2.458206919143E+00  0.000000000000E+00 -1.004248909511E+00 -8.287695801309E+00 -1.336220448201E+01 -2.047871304696E+04 -3.196523001473E+04
  4.749902752376E+00  1.380000000000E+01  2.458206916947E+00  3.247568346971E-13 -1.004401224483E+00 -8.532184555484E+00 -1.374384052147E+01 -2.047737401586E+04 -3.196625663754E+04
  4.779251168025E+00  1.390000000000E+01  2.458206915364E+00  1.500067285239E-12 -1.004547045646E+00 -8.776648077532E+00 -1.412549447291E+01 -2.047431298179E+04 -3.196833910359E+04
  4.808599583663E+00  1.400000000000E+01  2.458206914984E+00  1.716571842534E-12 -1.004689402156E+00 -9.021047104577E+00 -1.450719059692E+01 -2.046676408545E+04 -3.197320174938E+04
  4.837947999300E+00  1.410000000000E+01  2.458206915211E+00  0.000000000000E+00 -1.004831431708E+00 -9.265343207109E+00 -1.488895270372E+01 -2.045671257728E+04 -3.197961626065E+04
  4.867296414944E+00  1.420000000000E+01  2.458206916176E+00  6.185844476257E-14 -1.004975545470E+00 -9.509496120259E+00 -1.527080581033E+01 -2.044309892608E+04 -3.198824642971E+04
  4.896644830604E+00  1.430000000000E+01  2.458206917826E+00  1.546461118271E-14 -1.005124561042E+00 -9.753466224103E+00 -1.565277458237E+01 -2.042552697596E+04 -3.199934276420E+04
  4.925993246288E+00  1.440000000000E+01  2.458206920213E+00  6.185844467908E-14 -1.005281599108E+00 -9.997194904552E+00 -1.603489555792E+01 -2.040285829718E+04 -3.201361786346E+04
  4.955341662003E+00  1.450000000000E+01  2.458206923101E+00  1.082522780715E-13 -1.005449757393E+00 -1.024062295726E+01 -1.641720567863E+01 -2.037515309520E+04 -3.203103638222E+04
  4.984690077755E+00  1.460000000000E+01  2.458206926197E+00  0.000000000000E+00 -1.005631740624E+00 -1.048369280751E+01 -1.679974087998E+01 -2.034282370659E+04 -3.205134098007E+04
  5.014038493544E+00  1.470000000000E+01  2.458206929317E+00  2.536196222796E-12 -1.005829837246E+00 -1.072634932116E+01 -1.718253556042E+01 -2.030552861074E+04 -3.207474245369E+04
  5.043386909371E+00  1.480000000000E+01  2.458206932216E+00  1.626103856574E-10 -1.006048164945E+00 -1.096850790028E+01 -1.756564247266E+01 -2.026325762539E+04 -3.210124231761E+04
  5.072735325230E+00  1.490000000000E+01  2.458206935482E+00  2.934255305835E-10 -1.006279101295E+00 -1.121011488645E+01 -1.794909495932E+01 -2.020266752902E+04 -3.213915961909E+04
  5.102083741125E+00  1.500000000000E+01  2.458206937410E+00  5.876552202260E-13 -1.006532534275E+00 -1.145084162454E+01 -1.833309789881E+01 -2.012025249010E+04 -3.219067122016E+04
  5.131432157022E+00  1.510000000000E+01  2.458206935384E+00  2.366085491777E-12 -1.006834703393E+00 -1.169045724633E+01 -1.871779488522E+01 -2.001569567295E+04 -3.225594150231E+04
  5.160780572853E+00  1.520000000000E+01  2.458206925318E+00  1.623784164715E-12 -1.007198910220E+00 -1.192865356137E+01 -1.910337720895E+01 -1.988083279783E+04 -3.234000332741E+04
  5.190128988478E+00  1.530000000000E+01  2.458206899170E+00  2.288762457699E-12 -1.007643543439E+00 -1.216500125766E+01 -1.949011071659E+01 -1.970351930146E+04 -3.245031903329E+04
  5.219477403622E+00  1.540000000000E+01  2.458206840943E+00  1.155206475639E-11 -1.008194231343E+00 -1.239889534728E+01 -1.987836893261E+01 -1.946603993799E+04 -3.259772138487E+04
  5.248825817724E+00  1.550000000000E+01  2.458206716647E+00  2.724864634989E-11 -1.008888339874E+00 -1.262945504303E+01 -2.026869371394E+01 -1.913888973398E+04 -3.280018510238E+04
  5.278174229619E+00  1.560000000000E+01  2.458206454020E+00  8.952464561997E-11 -1.009780743901E+00 -1.285536488211E+01 -2.066189058282E+01 -1.867790320551E+04 -3.308438259579E+04
  5.307522636811E+00  1.570000000000E+01  2.458205888780E+00  2.166283359509E-10 -1.010954466501E+00 -1.307462202752E+01 -2.105917832160E+01 -1.800856179093E+04 -3.349494183536E+04
  5.336871033707E+00  1.580000000000E+01  2.458204632260E+00  7.412192878730E-10 -1.012539878664E+00 -1.328406311358E+01 -2.146246597244E+01 -1.700625655603E+04 -3.410548842861E+04
  5.366219407106E+00  1.590000000000E+01  2.458201704159E+00  2.158646324906E-09 -1.014746739040E+00 -1.347852075136E+01 -2.187483590989E+01 -1.545090895034E+04 -3.504372364317E+04
  5.395567724072E+00  1.600000000000E+01  2.458194502664E+00  6.847737394745E-09 -1.017924786178E+00 -1.364928755831E+01 -2.230139435222E+01 -1.295064872970E+04 -3.653053877024E+04
  5.424915897765E+00  1.610000000000E+01  2.458175810380E+00  2.122802924309E-08 -1.022672194014E+00 -1.378128400389E+01 -2.275075557101E+01 -8.802085379404E+03 -3.894385934153E+04
  5.454263690282E+00  1.620000000000E+01  2.458125412378E+00  4.721897618842E-08 -1.030011255206E+00 -1.384817780735E+01 -2.323732145465E+01 -1.789591529860E+03 -4.287979672119E+04
  5.483610453774E+00  1.630000000000E+01  2.457990612676E+00  3.324735255662E-08 -1.041633206011E+00 -1.380536229916E+01 -2.378362354486E+01  9.914665387928E+03 -4.905379588224E+04
  5.512954595290E+00  1.640000000000E+01  2.457664601323E+00 -4.934879183356E-08 -1.059971332201E+00 -1.358532119738E+01 -2.441841084375E+01  2.809762511190E+04 -5.759905447540E+04
  5.542293094391E+00  1.650000000000E+01  2.457034728280E+00  1.237469493093E-07 -1.087537093175E+00 -1.310899494970E+01 -2.516154467637E+01  5.250607105268E+04 -6.667754475064E+04
  5.571622425634E+00  1.660000000000E+01  2.456161550858E+00  1.771635064789E-08 -1.125417492547E+00 -1.232227139564E+01 -2.599658195942E+01  7.918100600004E+04 -7.227202384668E+04
  5.600941293205E+00  1.670000000000E+01  2.455340263787E+00 -3.901910515612E-07 -1.172229240848E+00 -1.123237427494E+01 -2.685937840280E+01  1.023980272431E+05 -7.100152563421E+04
  5.630252254026E+00  1.680000000000E+01  2.454876568587E+00 -3.633842818836E-07 -1.224697504537E+00 -9.908465447949E+00 -2.766302592612E+01  1.178510222478E+05 -6.256596253447E+04
  5.659560639321E+00  1.690000000000E+01  2.454920825877E+00 -2.017728946214E-07 -1.278868609941E+00 -8.458789502248E+00 -2.833323887976E+01  1.231808828859E+05 -4.911730020833E+04
  5.688872665984E+00  1.700000000000E+01  2.455474783229E+00  5.249816579598E-09 -1.330698623946E+00 -7.012538918906E+00 -2.882808560540E+01  1.171704137520E+05 -3.371919708694E+04
  5.718193651362E+00  1.710000000000E+01  2.456378658918E+00  4.018531332307E-07 -1.376272201445E+00 -5.705071123258E+00 -2.914298906901E+01  1.002401881174E+05 -1.944605496925E+04
  5.747525913552E+00  1.720000000000E+01  2.457301782762E+00  8.751814061496E-07 -1.412501797152E+00 -4.647626737296E+00 -2.930624316017E+01  7.626869755783E+04 -8.574583814822E+03
  5.776867710109E+00  1.730000000000E+01  2.457945538985E+00  5.010309169855E-07 -1.438383281780E+00 -3.884108322481E+00 -2.936394849309E+01  5.218571428944E+04 -1.715143761679E+03
  5.806215209942E+00  1.740000000000E+01  2.458271616758E+00  4.541249008352E-08 -1.455353829900E+00 -3.379403870010E+00 -2.935960106176E+01  3.345266343203E+04  2.036505300559E+03
  5.835565326070E+00  1.750000000000E+01  2.458406369822E+00  5.075369162569E-08 -1.466036515651E+00 -3.059524201023E+00 -2.932252499084E+01  2.109588726381E+04  3.957479201904E+03
  5.864916478029E+00  1.760000000000E+01  2.458457784430E+00  4.443364943146E-08 -1.472785525372E+00 -2.856540891368E+00 -2.926875602918E+01  1.354519429122E+04  4.943047775994E+03
  5.894268024262E+00  1.770000000000E+01  2.458477528297E+00  1.869795252686E-08 -1.477170361297E+00 -2.724258811758E+00 -2.920628070758E+01  8.994890527105E+03  5.470045015312E+03
  5.923619724568E+00  1.780000000000E+01  2.458485470338E+00  6.226221647718E-09 -1.480124484300E+00 -2.634837264360E+00 -2.913903807904E+01  6.206218498368E+03  5.767364950316E+03
  5.952971488445E+00  1.790000000000E+01  2.458488867122E+00  1.880189430524E-09 -1.482189679250E+00 -2.572040386345E+00 -2.906903706700E+01  4.442881756499E+03  5.944646599146E+03
  5.982323280238E+00  1.800000000000E+01  2.458490408934E+00  6.678242683147E-10 -1.483682072096E+00 -2.526346738153E+00 -2.899735209619E+01  3.290225125179E+03  6.055698212660E+03
  6.011675085011E+00  1.810000000000E+01  2.458491147968E+00  2.345865265391E-10 -1.484792860485E+00 -2.492005974746E+00 -2.892459023530E+01  2.511139256539E+03  6.128414151649E+03
  6.041026896141E+00  1.820000000000E+01  2.458491519330E+00  8.179832948310E-11 -1.485641219917E+00 -2.465459416518E+00 -2.885110954728E+01  1.967274029237E+03  6.177956560328E+03
  6.070378710517E+00  1.830000000000E+01  2.458491712315E+00  3.194618714968E-11 -1.486303873032E+00 -2.444421586773E+00 -2.877713167446E+01  1.577984760016E+03  6.212759306996E+03
  6.099730526600E+00  1.840000000000E+01  2.458491815339E+00  1.690086182176E-11 -1.486831923587E+00 -2.427370199068E+00 -2.870279999086E+01  1.292370399063E+03  6.237918611574E+03
  6.129082343602E+00  1.850000000000E+01  2.458491870879E+00  1.642151390035E-11 -1.487260322943E+00 -2.413272163355E+00 -2.862820966157E+01  1.079730106350E+03  6.256432340003E+03
  6.158434161100E+00  1.860000000000E+01  2.458491901131E+00  2.613216386292E-12 -1.487613376717E+00 -2.401391546914E+00 -2.855342717315E+01  9.175126565117E+02  6.270421494194E+03
  6.187785978868E+00  1.870000000000E+01  2.458491917319E+00  1.608133146035E-12 -1.487908560677E+00 -2.391217023345E+00 -2.847849812674E+01  7.923321527640E+02  6.281132799254E+03
  6.217137796776E+00  1.880000000000E+01  2.458491925584E+00  1.237025490989E-13 -1.488159073448E+00 -2.382361716998E+00 -2.840345655216E+01  6.952916308284E+02  6.289383942085E+03
  6.246489614755E+00  1.890000000000E+01  2.458491929462E+00  5.721242882211E-13 -1.488374610359E+00 -2.374534080405E+00 -2.832832782632E+01  6.189853032026E+02  6.295837453056E+03
  6.275841432764E+00  1.900000000000E+01  2.458491930885E+00  2.937935531088E-13 -1.488562825933E+00 -2.367511498758E+00 -2.825313116413E+01  5.598093452251E+02  6.300819750156E+03
  6.305193250782E+00  1.910000000000E+01  2.458491931035E+00  4.020332830842E-13 -1.488729638386E+00 -2.361119900354E+00 -2.817788148338E+01  5.129200718785E+02  6.304751310652E+03
  6.334545068797E+00  1.920000000000E+01  2.458491930587E+00  1.546281858138E-14 -1.488879993829E+00 -2.355216247354E+00 -2.810259096693E+01  4.777300804510E+02  6.307690091086E+03
  6.363896886805E+00  1.930000000000E+01  2.458491930016E+00  4.638845575448E-14 -1.489018638060E+00 -2.349668752918E+00 -2.802727077167E+01  4.537136436282E+02  6.309685461759E+03
  6.393248704808E+00  1.940000000000E+01  2.458491929625E+00  2.010166416429E-13 -1.489150036937E+00 -2.344340608838E+00 -2.795193242563E+01  4.403426118641E+02  6.310784895010E+03
  6.422600522808E+00  1.950000000000E+01  2.458491929657E+00  0.000000000000E+00 -1.489279049891E+00 -2.339103490213E+00 -2.787658671759E+01  4.395727670447E+02  6.310826112269E+03
  6.451952340812E+00  1.960000000000E+01  2.458491930249E+00  0.000000000000E+00 -1.489411622313E+00 -2.333777413874E+00 -2.780124874922E+01  4.556068649179E+02  6.309458332152E+03
  6.481304158826E+00  1.970000000000E+01  2.458491931150E+00  2.010166415698E-12 -1.489555902343E+00 -2.328136907489E+00 -2.772593741143E+01  4.942547851947E+02  6.306197182386E+03
  6.510655976847E+00  1.980000000000E+01  2.458491931100E+00  7.282987550427E-12 -1.489724094055E+00 -2.321838993135E+00 -2.765068138934E+01  5.677341221905E+02  6.300026717117E+03
  6.540007794841E+00  1.990000000000E+01  2.458491925298E+00  9.432319341420E-12 -1.489936165542E+00 -2.314346036949E+00 -2.757552549846E+01  7.002978939806E+02  6.288940546109E+03
  6.569359612663E+00  2.000000000000E+01  2.458491898076E+00  4.542976129087E-11 -1.490225573374E+00 -2.304739915093E+00 -2.750054582858E+01  9.291068003676E+02  6.269912630537E+03
  6.598711429832E+00  2.010000000000E+01  2.458491804608E+00  3.282756479465E-11 -1.490646908989E+00 -2.291555969789E+00 -2.742586233680E+01  1.309540257487E+03  6.238568238152E+03
  6.628063245031E+00  2.020000000000E+01  2.458491547983E+00  1.388561241823E-11 -1.491279260361E+00 -2.272676293435E+00 -2.735164426685E+01  1.886006924616E+03  6.191884231408E+03
  6.657415055611E+00  2.030000000000E+01  2.458491019022E+00  3.115604105177E-10 -1.492206679184E+00 -2.245872047733E+00 -2.727805806737E+01  2.620485563379E+03  6.134365992464E+03
  6.686766858299E+00  2.040000000000E+01  2.458490265608E+00  2.864937059944E-09 -1.493470446474E+00 -2.210069278129E+00 -2.720515600312E+01  3.350105008833E+03  6.081047174644E+03
  6.716118651970E+00  2.050000000000E+01  2.458489533099E+00  1.969825555714E-09 -1.495019408006E+00 -2.166587856790E+00 -2.713278108915E+01  3.904991010012E+03  6.046106592542E+03
  6.745470438304E+00  2.060000000000E+01  2.458489088732E+00  1.283415327521E-12 -1.496751726670E+00 -2.117966467464E+00 -2.706068283361E+01  4.189868687747E+03  6.036083468668E+03
  6.774822221891E+00  2.070000000000E+01  2.458489082964E+00 -6.185134687227E-14 -1.498552456167E+00 -2.067751025420E+00 -2.698855256704E+01  4.171700791342E+03  6.050998087607E+03
  6.804174008072E+00  2.080000000000E+01  2.458489511941E+00  3.556452131004E-12 -1.500287717651E+00 -2.019551226693E+00 -2.691611134313E+01  3.853537994357E+03  6.087580737209E+03
  6.833525801356E+00  2.090000000000E+01  2.458490236363E+00  1.128322822579E-10 -1.501826544938E+00 -1.976844013992E+00 -2.684312483199E+01  3.260456134033E+03  6.141324698642E+03
  6.862877603707E+00  2.100000000000E+01  2.458490978511E+00  4.955836000141E-10 -1.503063214728E+00 -1.942410874587E+00 -2.676943489006E+01  2.492800761633E+03  6.203493267348E+03
  6.892229413657E+00  2.110000000000E+01  2.458491483321E+00  3.214720866358E-10 -1.503957557314E+00 -1.917271109592E+00 -2.669501723508E+01  1.736065775772E+03  6.261099390474E+03
  6.921581227949E+00  2.120000000000E+01  2.458491718626E+00  7.159285911239E-12 -1.504550069252E+00 -1.900276015449E+00 -2.661999067019E+01  1.144668167081E+03  6.304604428521E+03
  6.950933043994E+00  2.130000000000E+01  2.458491797223E+00  3.732724656082E-11 -1.504925067420E+00 -1.889134587539E+00 -2.654453761913E+01  7.519966694194E+02  6.332957192601E+03
  6.980284860548E+00  2.140000000000E+01  2.458491814692E+00  3.930648679127E-11 -1.505161755414E+00 -1.881714914268E+00 -2.646881723732E+01  5.112849627567E+02  6.350161117202E+03
  7.009636677178E+00  2.150000000000E+01  2.458491813942E+00  1.784409348521E-11 -1.505314944163E+00 -1.876547677778E+00 -2.639293633998E+01  3.664639453436E+02  6.360452295807E+03
  7.038988493768E+00  2.160000000000E+01  2.458491809323E+00  6.618086674023E-12 -1.505417702349E+00 -1.872742584113E+00 -2.631695880996E+01  2.780438355135E+02  6.366714640901E+03
  7.068340310303E+00  2.170000000000E+01  2.458491804790E+00  1.840075504016E-12 -1.505489145394E+00 -1.869780298513E+00 -2.624092164771E+01  2.223213863543E+02  6.370653438976E+03
  7.097692126788E+00  2.180000000000E+01  2.458504901829E+00  4.374140271369E-04 -1.505540520415E+00 -1.867357484285E+00 -2.616484637487E+01  1.863822154020E+02  6.378092999476E+03
  7.127043975274E+00  2.190000000000E+01  2.458630522349E+00  4.196219330616E-03 -1.505578601241E+00 -1.865266023128E+00 -2.608839191820E+01  1.667860789947E+02  6.447241287624E+03
  7.156395917436E+00  2.200000000000E+01  2.458927028988E+00  9.925362143118E-03 -1.505607555143E+00 -1.863263919342E+00 -2.600976161132E+01  1.774288704946E+02  6.835027530521E+03
  7.185748046236E+00  2.210000000000E+01  2.459531624784E+00  2.032971673600E-02 -1.505630067285E+00 -1.860653674796E+00 -2.592023720300E+01  2.777715405144E+02  8.404901759763E+03
  7.215100505434E+00  2.220000000000E+01  2.460667981517E+00  3.813407051721E-02 -1.505647921891E+00 -1.856503804253E+00 -2.580753403580E+01  3.988851292599E+02  1.021633206293E+04
  7.244453938994E+00  2.230000000000E+01  2.464119933330E+00  1.150417726953E-01 -1.505662311347E+00 -1.851993091173E+00 -2.568854251992E+01  3.361880512620E+02  9.440225533918E+03
  7.273810372062E+00  2.240000000000E+01  2.473165831177E+00  3.018235350377E-01 -1.505674062269E+00 -1.848047987764E+00 -2.557656023880E+01  3.760759984040E+02  1.006364947060E+04
  7.303172602709E+00  2.250000000000E+01  2.488343573090E+00  5.067584737858E-01 -1.505683761690E+00 -1.842287722083E+00 -2.543898973636E+01  5.938522410068E+02  1.313006960611E+04
  7.332543184156E+00  2.260000000000E+01  2.508538808750E+00  6.739987420205E-01 -1.505691841556E+00 -1.834449353918E+00 -2.527253108804E+01  7.269367497245E+02  1.500979737354E+04
  7.361923942668E+00  2.270000000000E+01  2.532114770200E+00  7.866262843592E-01 -1.505698632223E+00 -1.825482023237E+00 -2.509054980220E+01  7.998002823342E+02  1.604772950931E+04
  7.391315872027E+00  2.280000000000E+01  2.557658417026E+00  8.520190117052E-01 -1.505704396467E+00 -1.816241363182E+00 -2.490499098875E+01  7.884010883143E+02  1.591914525129E+04
  7.420719365156E+00  2.290000000000E+01  2.584231693562E+00  8.862687986692E-01 -1.505709327086E+00 -1.807488450231E+00 -2.472640412041E+01  7.432821058447E+02  1.532420133035E+04
  7.450134388705E+00  2.300000000000E+01  2.611258870147E+00  9.014896931698E-01 -1.505713565585E+00 -1.799193371079E+00 -2.455443134262E+01  7.269553246885E+02  1.511995860726E+04
  7.479560682496E+00  2.310000000000E+01  2.638361944344E+00  9.040883341904E-01 -1.505717239738E+00 -1.791010368554E+00 -2.438438098903E+01  7.361354863758E+02  1.526053080100E+04
  7.508997867765E+00  2.320000000000E+01  2.665238071406E+00  8.965621610085E-01 -1.505720450962E+00 -1.782708868592E+00 -2.421313754284E+01  7.621521437732E+02  1.562730248220E+04
  7.538445460780E+00  2.330000000000E+01  2.691480876378E+00  8.754225165502E-01 -1.505723273283E+00 -1.774184195943E+00 -2.403929133142E+01  7.828760889360E+02  1.591935738171E+04
  7.567902835103E+00  2.340000000000E+01  2.716358803045E+00  8.297335496144E-01 -1.505725775452E+00 -1.765799529947E+00 -2.386776762933E+01  7.428723794022E+02  1.538682009605E+04
  7.597369043512E+00  2.350000000000E+01  2.738392910093E+00  7.346921325771E-01 -1.505728012379E+00 -1.758343043869E+00 -2.370918442721E+01  6.249922623304E+02  1.380312951512E+04
  7.626842494740E+00  2.360000000000E+01  2.755267501412E+00  5.624562772477E-01 -1.505730025718E+00 -1.752676316491E+00 -2.357505690138E+01  4.205283765162E+02  1.105603363423E+04
  7.656320880620E+00  2.370000000000E+01  2.765413714776E+00  3.382754674113E-01 -1.505731855272E+00 -1.748960183422E+00 -2.346738424156E+01  3.237761939343E+02  9.760685062480E+03
  7.685801734825E+00  2.380000000000E+01  2.769801621961E+00  1.466522400089E-01 -1.505733533210E+00 -1.744713024958E+00 -2.335269544481E+01  4.872463622140E+02  1.195587236169E+04
  7.715283451799E+00  2.390000000000E+01  2.771218175392E+00  4.735426273590E-02 -1.505735075760E+00 -1.739099385042E+00 -2.321971235208E+01  5.388136221516E+02  1.265035040650E+04
  7.744765475181E+00  2.400000000000E+01  2.771720929009E+00  1.667736503686E-02 -1.505736481150E+00 -1.733599569374E+00 -2.308821154744E+01  4.918035604954E+02  1.202822555587E+04
  7.774247649454E+00  2.410000000000E+01  2.771974462272E+00  8.396506244227E-03 -1.505737718089E+00 -1.728563633956E+00 -2.296284166932E+01  4.595087779488E+02  1.160440317206E+04
  7.803729899325E+00  2.420000000000E+01  2.772098002855E+00  4.101149494931E-03 -1.505738743537E+00 -1.723748476523E+00 -2.284034613459E+01  4.481324032555E+02  1.146275930504E+04
  7.833212181177E+00  2.430000000000E+01  2.772147841263E+00  1.658039588752E-03 -1.505739199748E+00 -1.719002054023E+00 -2.271864935610E+01  4.454009708096E+02  1.143098899555E+04
  7.862694472731E+00  2.440000000000E+01  2.772152854130E+00  1.669020104138E-04 -1.505739199748E+00 -1.714266947098E+00 -2.259710279191E+01  4.452313395029E+02  1.142874711680E+04
  7.892176764285E+00  2.450000000000E+01  2.772152854130E+00  0.000000000000E+00 -1.505739199748E+00 -1.709531840178E+00 -2.247555622781E+01  4.452313395029E+02  1.142874711680E+04
  7.921659055839E+00  2.460000000000E+01  2.772152854130E+00  0.000000000000E+00 -1.505739199748E+00 -1.704796733259E+00 -2.235400966370E+01  4.452313395029E+02  1.142874711680E+04
  7.951141347393E+00  2.470000000000E+01  2.772152854130E+00  0.000000000000E+00 -1.505739199748E+00 -1.700061626340E+00 -2.223246309960E+01  4.452313395029E+02  1.142874711680E+04
  7.980623638947E+00  2.480000000000E+01  2.772152854130E+00  0.000000000000E+00 -1.505739199748E+00 -1.695326519421E+00 -2.211091653549E+01  4.452313395029E+02  1.142874711680E+04
  8.010105930501E+00  2.490000000000E+01  2.772152854130E+00  0.000000000000E+00 -1.505739199748E+00 -1.690591412502E+00 -2.198936997138E+01  4.452313395029E+02  1.142874711680E+04
  8.039588222055E+00  2.500000000000E+01  2.772152854130E+00  0.000000000000E+00 -1.505739199748E+00 -1.685856305583E+00 -2.186782340728E+01  4.452313395029E+02  1.142874711680E+04
  8.069070513609E+00  2.510000000000E+01  2.772152854130E+00  0.000000000000E+00 -1.505739199748E+00 -1.681121198664E+00 -2.174627684317E+01  4.452313395029E+02  1.142874711680E+04
  8.098552805163E+00  2.520000000000E+01  2.772152854130E+00  0.000000000000E+00 -1.505739199748E+00 -1.676386091745E+00 -2.162473027907E+01  4.452313395029E+02  1.142874711680E+04
  8.128035096717E+00  2.530000000000E+01  2.772152854130E+00  0.000000000000E+00 -1.505739199748E+00 -1.671650984826E+00 -2.150318371496E+01  4.452313395029E+02  1.142874711680E+04
  8.157517388271E+00  2.540000000000E+01  2.772152854130E+00  0.000000000000E+00 -1.505739199748E+00 -1.666915877907E+00 -2.138163715086E+01  4.452313395029E+02  1.142874711680E+04
  8.186999679825E+00  2.550000000000E+01  2.772152854130E+00  0.000000000000E+00 -1.505739199748E+00 -1.662180770988E+00 -2.126009058675E+01  4.452313395029E+02  1.142874711680E+04
  8.216481971379E+00  2.560000000000E+01  2.772152854130E+00  0.000000000000E+00 -1.505739199748E+00 -1.657445664069E+00 -2.113854402265E+01  4.452313395029E+02  1.142874711680E+04
  8.245964262933E+00  2.570000000000E+01  2.772152854130E+00  0.000000000000E+00 -1.505739199748E+00 -1.652710557150E+00 -2.101699745854E+01  4.452313395029E+02  1.142874711680E+04
  8.275446554487E+00  2.580000000000E+01  2.772152854130E+00  0.000000000000E+00 -1.505739199748E+00 -1.647975450231E+00 -2.089545089444E+01  4.452313395029E+02  1.142874711680E+04
  8.304928846041E+00  2.590000000000E+01  2.772152854130E+00  0.000000000000E+00 -1.505739199748E+00 -1.643240343312E+00 -2.077390433033E+01  4.452313395029E+02  1.142874711680E+04
  8.334411137595E+00  2.600000000000E+01  2.772152854130E+00  0.000000000000E+00 -1.505739199748E+00 -1.638505236393E+00 -2.065235776623E+01  4.452313395029E+02  1.142874711680E+04
  8.363893429148E+00  2.610000000000E+01  2.772152854130E+00  0.000000000000E+00 -1.505739199748E+00 -1.633770129474E+00 -2.053081120212E+01  4.452313395029E+02  1.142874711680E+04
  8.393375720702E+00  2.620000000000E+01  2.772152854130E+00  0.000000000000E+00 -1.505739199748E+00 -1.629035022555E+00 -2.040926463802E+01  4.452313395029E+02  1.142874711680E+04
  8.422858012256E+00  2.630000000000E+01  2.772152854130E+00  0.000000000000E+00 -1.505739199748E+00 -1.624299915636E+00 -2.028771807391E+01  4.452313395029E+02  1.142874711680E+04
  8.452340303810E+00  2.640000000000E+01  2.772152854130E+00  0.000000000000E+00 -1.505739199748E+00 -1.619564808717E+00 -2.016617150981E+01  4.452313395029E+02  1.142874711680E+04
  8.481822595364E+00  2.650000000000E+01  2.772165794925E+00  4.309952061047E-04 -1.505739199748E+00 -1.614829701798E+00 -2.004462494570E+01  4.448439053344E+02  1.142393795792E+04
  8.511304911232E+00  2.660000000000E+01  2.772296078687E+00  4.343885935582E-03 -1.505739199748E+00 -1.610107965483E+00 -1.992324573129E+01  4.437246587897E+02  1.141005503492E+04
  8.540787301971E+00  2.670000000000E+01  2.772633308394E+00  1.126127850792E-02 -1.505739199748E+00 -1.605360795156E+00 -1.980155719881E+01  4.510476807669E+02  1.150048736145E+04
  8.570269880196E+00  2.680000000000E+01  2.773490336202E+00  2.862461579165E-02 -1.505739199748E+00 -1.600468464894E+00 -1.967809139355E+01  4.725845560684E+02  1.176564711419E+04
  8.599752928247E+00  2.690000000000E+01  2.775616822146E+00  7.104181319306E-02 -1.505739199748E+00 -1.595193879514E+00 -1.954995905851E+01  5.336597717660E+02  1.251510056559E+04
  8.629237066573E+00  2.700000000000E+01  2.780467867833E+00  1.621968252745E-01 -1.505739199748E+00 -1.588646052831E+00 -1.940630605784E+01  7.235103572387E+02  1.483757106097E+04
  8.658723506549E+00  2.710000000000E+01  2.790185419443E+00  3.246931982538E-01 -1.505739199748E+00 -1.579678155708E+00 -1.923325122616E+01  9.537882212136E+02  1.764627391607E+04
  8.688214236906E+00  2.720000000000E+01  2.806287338416E+00  5.374110750963E-01 -1.505739199748E+00 -1.568990187198E+00 -1.903952885858E+01  1.068259667724E+03  1.903781543873E+04
  8.717711218591E+00  2.730000000000E+01  2.827485803715E+00  7.075213972076E-01 -1.505739199748E+00 -1.557077808120E+00 -1.883136630980E+01  1.212586990500E+03  2.078615116613E+04
  8.747215599774E+00  2.740000000000E+01  2.851589124634E+00  8.044096461789E-01 -1.505739199748E+00 -1.543746941941E+00 -1.860654613071E+01  1.345103906838E+03  2.238626149180E+04
  8.776727937557E+00  2.750000000000E+01  2.877272347484E+00  8.569217707413E-01 -1.505739199748E+00 -1.529479053201E+00 -1.837096948083E+01  1.413806541247E+03  2.321312052469E+04
  8.806248454435E+00  2.760000000000E+01  2.903807235449E+00  8.851818222815E-01 -1.505739199748E+00 -1.514902041152E+00 -1.813223989731E+01  1.436194999884E+03  2.348166157486E+04
  8.835777145986E+00  2.770000000000E+01  2.930709515910E+00  8.973805077084E-01 -1.505739199748E+00 -1.500330029979E+00 -1.789414055921E+01  1.441411611408E+03  2.354402434382E+04
  8.865313867200E+00  2.780000000000E+01  2.957668514666E+00  8.992462609474E-01 -1.505739199748E+00 -1.485876166919E+00 -1.765802115847E+01  1.438553365423E+03  2.351002816606E+04
  8.894858393654E+00  2.790000000000E+01  2.984407980973E+00  8.918806142947E-01 -1.505739199748E+00 -1.471635432203E+00 -1.742499888727E+01  1.422036286003E+03  2.331417464116E+04
  8.924410431913E+00  2.800000000000E+01  3.010541345040E+00  8.715518100600E-01 -1.505739199748E+00 -1.457831649811E+00 -1.719770049615E+01  1.368433953207E+03  2.268087818360E+04
  8.953969591231E+00  2.810000000000E+01  3.035392770687E+00  8.285870517418E-01 -1.505739199748E+00 -1.445014169860E+00 -1.698256152894E+01  1.240498788932E+03  2.117476247806E+04
  8.983535227778E+00  2.820000000000E+01  3.057439986369E+00  7.350162497573E-01 -1.505739199748E+00 -1.433739119244E+00 -1.678603476714E+01  1.088735529320E+03  1.939441898647E+04
  9.013106075886E+00  2.830000000000E+01  3.073691109221E+00  5.417478397275E-01 -1.505739199748E+00 -1.423857889483E+00 -1.660622576941E+01  9.503853054341E+02  1.777796649847E+04
  9.042680312297E+00  2.840000000000E+01  3.082780997319E+00  3.026952011210E-01 -1.505739199748E+00 -1.415873478227E+00 -1.644878605808E+01  7.043544116375E+02  1.491429874298E+04
  9.072256322967E+00  2.850000000000E+01  3.087043326559E+00  1.418850691156E-01 -1.505739199748E+00 -1.410022050650E+00 -1.631626440445E+01  5.389662911951E+02  1.299618061097E+04
  9.101833121344E+00  2.860000000000E+01  3.088858182229E+00  6.044679662452E-02 -1.505739199748E+00 -1.405188094326E+00 -1.619558355246E+01  4.821124367933E+02  1.233932807645E+04
  9.131410237818E+00  2.870000000000E+01  3.089580910763E+00  2.408133137368E-02 -1.505739199748E+00 -1.400670072353E+00 -1.607857108287E+01  4.648864424343E+02  1.214111352212E+04
  9.160987478224E+00  2.880000000000E+01  3.089862992223E+00  9.399875686273E-03 -1.505739199748E+00 -1.396254455476E+00 -1.596274449574E+01  4.586659898313E+02  1.206982909372E+04
  9.190564766698E+00  2.890000000000E+01  3.089972520554E+00  3.650710679662E-03 -1.505739199748E+00 -1.391875374834E+00 -1.584733967688E+01  4.568143702129E+02  1.204869160086E+04
  9.220142073426E+00  2.900000000000E+01  3.090014244691E+00  1.391680483388E-03 -1.505739199748E+00 -1.387503647397E+00 -1.573202015999E+01  4.567560339624E+02  1.204802582682E+04
  9.249719385614E+00  2.910000000000E+01  3.090018317858E+00  1.359193961135E-04 -1.505739199748E+00 -1.383131285283E+00 -1.561669389341E+01  4.567919810619E+02  1.204843340808E+04
  9.279296697802E+00  2.920000000000E+01  3.090018317858E+00  0.000000000000E+00 -1.505739199748E+00 -1.378758923167E+00 -1.550136762683E+01  4.567919810619E+02  1.204843340808E+04
  9.308874009990E+00  2.930000000000E+01  3.090018317858E+00  0.000000000000E+00 -1.505739199748E+00 -1.374386561052E+00 -1.538604136024E+01  4.567919810619E+02  1.204843340808E+04
  9.338451322178E+00  2.940000000000E+01  3.090018317858E+00  0.000000000000E+00 -1.505739199748E+00 -1.370014198936E+00 -1.527071509365E+01  4.567919810619E+02  1.204843340808E+04
  9.368028634366E+00  2.950000000000E+01  3.090018317858E+00  0.000000000000E+00 -1.505739199748E+00 -1.365641836821E+00 -1.515538882706E+01  4.567919810619E+02  1.204843340808E+04
  9.397605946554E+00  2.960000000000E+01  3.090018317858E+00  0.000000000000E+00 -1.505739199748E+00 -1.361269474706E+00 -1.504006256047E+01  4.567919810619E+02  1.204843340808E+04
  9.427183258742E+00  2.970000000000E+01  3.090018317858E+00  0.000000000000E+00 -1.505739199748E+00 -1.356897112590E+00 -1.492473629389E+01  4.567919810619E+02  1.204843340808E+04
  9.456760570930E+00  2.980000000000E+01  3.090018317858E+00  0.000000000000E+00 -1.505739199748E+00 -1.352524750475E+00 -1.480941002730E+01  4.567919810619E+02  1.204843340808E+04
  9.486337883118E+00  2.990000000000E+01  3.090018317858E+00  0.000000000000E+00 -1.505739199748E+00 -1.348152388360E+00 -1.469408376071E+01  4.567919810619E+02  1.204843340808E+04
  9.515915195306E+00  3.000000000000E+01  3.090018317858E+00  0.000000000000E+00 -1.505739199748E+00 -1.343780026244E+00 -1.457875749412E+01  4.567919810619E+02  1.204843340808E+04
  9.545492507494E+00  3.010000000000E+01  3.090018317858E+00  0.000000000000E+00 -1.505739199748E+00 -1.339407664129E+00 -1.446343122754E+01  4.567919810619E+02  1.204843340808E+04
  9.575069819681E+00  3.020000000000E+01  3.090018317858E+00  0.000000000000E+00 -1.505739199748E+00 -1.335035302013E+00 -1.434810496095E+01  4.567919810619E+02  1.204843340808E+04
  9.604647131869E+00  3.030000000000E+01  3.090018317858E+00  0.000000000000E+00 -1.505739199748E+00 -1.330662939898E+00 -1.423277869436E+01  4.567919810619E+02  1.204843340808E+04
  9.634224444057E+00  3.040000000000E+01  3.090018317858E+00  0.000000000000E+00 -1.505739199748E+00 -1.326290577783E+00 -1.411745242777E+01  4.567919810619E+02  1.204843340808E+04
  9.663801756245E+00  3.050000000000E+01  3.090018317858E+00  0.000000000000E+00 -1.505739199748E+00 -1.321918215667E+00 -1.400212616118E+01  4.567919810619E+02  1.204843340808E+04
  9.693379068433E+00  3.060000000000E+01  3.090018317858E+00  0.000000000000E+00 -1.505739199748E+00 -1.317545853552E+00 -1.388679989460E+01  4.567919810619E+02  1.204843340808E+04
  9.722956380621E+00  3.070000000000E+01  3.090018317858E+00  0.000000000000E+00 -1.505739199748E+00 -1.313173491437E+00 -1.377147362801E+01  4.567919810619E+02  1.204843340808E+04
  9.752533692809E+00  3.080000000000E+01  3.090018317858E+00  0.000000000000E+00 -1.505739199748E+00 -1.308801129321E+00 -1.365614736142E+01  4.567919810619E+02  1.204843340808E+04
  9.782111004997E+00  3.090000000000E+01  3.090018317858E+00  0.000000000000E+00 -1.505739199748E+00 -1.304428767206E+00 -1.354082109483E+01  4.567919810619E+02  1.204843340808E+04
  9.811688317185E+00  3.100000000000E+01  3.090018317858E+00  0.000000000000E+00 -1.505739199748E+00 -1.300056405090E+00 -1.342549482824E+01  4.567919810619E+02  1.204843340808E+04
  9.841265629373E+00  3.110000000000E+01  3.090018317858E+00  0.000000000000E+00 -1.505739199748E+00 -1.295684042975E+00 -1.331016856166E+01  4.567919810619E+02  1.204843340808E+04
  9.870842888230E+00  3.120000000000E+01  3.089514819841E+00 -1.688848475694E-02 -1.505739199748E+00 -1.291657579153E+00 -1.319838037381E+01  3.845876879547E+02  1.130866223791E+04
  9.900420115925E+00  3.130000000000E+01  3.089681777214E+00  5.571831636348E-03 -1.505739199748E+00 -1.287968085782E+00 -1.309004117069E+01  3.867759381432E+02  1.133094663784E+04
  9.929997412118E+00  3.140000000000E+01  3.090105345240E+00  1.413872333797E-02 -1.505739199748E+00 -1.284234494271E+00 -1.298126042122E+01  3.947984307857E+02  1.141221950309E+04
  9.959574881755E+00  3.150000000000E+01  3.091181373487E+00  3.592119737609E-02 -1.505739199748E+00 -1.280365512557E+00 -1.287112805041E+01  4.176408295977E+02  1.164237333449E+04
  9.989152783833E+00  3.160000000000E+01  3.093833640248E+00  8.855069015805E-02 -1.505739199748E+00 -1.276120255182E+00 -1.275725588364E+01  4.796811603203E+02  1.226404798949E+04
  1.001873170110E+01  3.170000000000E+01  3.099810977300E+00  1.995639754492E-01 -1.505739199748E+00 -1.270965099545E+00 -1.263438709174E+01  6.096140459308E+02  1.355905419701E+04
  1.004831270929E+01  3.180000000000E+01  3.111151509658E+00  3.784925892901E-01 -1.505739199748E+00 -1.264464257289E+00 -1.249833326130E+01  7.483566572652E+02  1.493454283669E+04
  1.007789726035E+01  3.190000000000E+01  3.128497323961E+00  5.787502703448E-01 -1.505739199748E+00 -1.256897773730E+00 -1.235206456436E+01  8.427174931750E+02  1.586468361801E+04
  1.010748662955E+01  3.200000000000E+01  3.150370254819E+00  7.297466114489E-01 -1.505739199748E+00 -1.248557094749E+00 -1.219862794504E+01  9.262900498804E+02  1.668362015632E+04
  1.013708158887E+01  3.210000000000E+01  3.174941568703E+00  8.197303309518E-01 -1.505739199748E+00 -1.239552073925E+00 -1.203921693998E+01  9.936402927721E+02  1.733984080827E+04
  1.016668249814E+01  3.220000000000E+01  3.200932646411E+00  8.670338051458E-01 -1.505739199748E+00 -1.230135313652E+00 -1.187636200052E+01  1.029576237961E+03  1.768797663131E+04
  1.019628946590E+01  3.230000000000E+01  3.227610389794E+00  8.898979968392E-01 -1.505739199748E+00 -1.220578323291E+00 -1.171272701706E+01  1.043018291821E+03  1.781743348964E+04
  1.022590245786E+01  3.240000000000E+01  3.254554628931E+00  8.987684347587E-01 -1.505739199748E+00 -1.211029359345E+00 -1.154974922043E+01  1.046007339797E+03  1.784606364688E+04
  1.025552135955E+01  3.250000000000E+01  3.281483044193E+00  8.982299480383E-01 -1.505739199748E+00 -1.201558228269E+00 -1.138809216981E+01  1.043003841812E+03  1.781753721800E+04
  1.028514599953E+01  3.260000000000E+01  3.308094140518E+00  8.876315160963E-01 -1.505739199748E+00 -1.192221259717E+00 -1.122827696571E+01  1.031972892272E+03  1.771337480578E+04
  1.031477613574E+01  3.270000000000E+01  3.333878654323E+00  8.600284359133E-01 -1.505739199748E+00 -1.183125326415E+00 -1.107128527292E+01  1.002093258549E+03  1.743301783382E+04
  1.034441139920E+01  3.280000000000E+01  3.357838871730E+00  7.991044305486E-01 -1.505739199748E+00 -1.174538671261E+00 -1.091957958404E+01  9.261557725941E+02  1.672504854351E+04
  1.037405117249E+01  3.290000000000E+01  3.378101152921E+00  6.756604822704E-01 -1.505739199748E+00 -1.166989901641E+00 -1.077798156297E+01  7.812875148881E+02  1.538289843457E+04
  1.040369441171E+01  3.300000000000E+01  3.392164238118E+00  4.689021055214E-01 -1.505739199748E+00 -1.160795361869E+00 -1.064925138509E+01  6.397966759485E+02  1.408029422045E+04
  1.043333975443E+01  3.310000000000E+01  3.399562738288E+00  2.466478541965E-01 -1.505739199748E+00 -1.155719499337E+00 -1.053100617295E+01  5.263929204205E+02  1.304333070277E+04
  1.046298610946E+01  3.320000000000E+01  3.402807529863E+00  1.081353564984E-01 -1.505739199748E+00 -1.151540042613E+00 -1.042103651682E+01  4.388121405349E+02  1.224782577603E+04
  1.049263289842E+01  3.330000000000E+01  3.404150477227E+00  4.475100063846E-02 -1.505739199748E+00 -1.147931748336E+00 -1.031628481751E+01  3.968981673373E+02  1.186960723053E+04
  1.052227986370E+01  3.340000000000E+01  3.404689379171E+00  1.796110484772E-02 -1.505739199748E+00 -1.144548633144E+00 -1.021357751973E+01  3.827462049789E+02  1.174278845223E+04
  1.055192689848E+01  3.350000000000E+01  3.404901243019E+00  7.062417435206E-03 -1.505739199748E+00 -1.141239200218E+00 -1.011153587833E+01  3.782621352286E+02  1.170288891754E+04
  1.058157396024E+01  3.360000000000E+01  3.404983586356E+00  2.745134375679E-03 -1.505739199748E+00 -1.137953352396E+00 -1.000970631948E+01  3.767426322699E+02  1.168946645809E+04
  1.061122103246E+01  3.370000000000E+01  3.405012406169E+00  9.608043098780E-04 -1.505739199748E+00 -1.134675983363E+00 -9.907952540055E+00  3.762256975476E+02  1.168493119329E+04
  1.064086810671E+01  3.380000000000E+01  3.405012406169E+00  0.000000000000E+00 -1.505739199748E+00 -1.131400226962E+00 -9.806213109675E+00  3.762256975476E+02  1.168493119329E+04
  1.067051518095E+01  3.390000000000E+01  3.405012406169E+00  0.000000000000E+00 -1.505739199748E+00 -1.128124470560E+00 -9.704473679296E+00  3.762256975476E+02  1.168493119329E+04
  1.070016225520E+01  3.400000000000E+01  3.405012406169E+00  0.000000000000E+00 -1.505739199748E+00 -1.124848714158E+00 -9.602734248916E+00  3.762256975476E+02  1.168493119329E+04
  1.072980932944E+01  3.410000000000E+01  3.405012406169E+00  0.000000000000E+00 -1.505739199748E+00 -1.121572957756E+00 -9.500994818537E+00  3.762256975476E+02  1.168493119329E+04
  1.075945640369E+01  3.420000000000E+01  3.405012406169E+00  0.000000000000E+00 -1.505739199748E+00 -1.118297201354E+00 -9.399255388157E+00  3.762256975476E+02  1.168493119329E+04
  1.078910347793E+01  3.430000000000E+01  3.405012406169E+00  0.000000000000E+00 -1.505739199748E+00 -1.115021444952E+00 -9.297515957777E+00  3.762256975476E+02  1.168493119329E+04
  1.081875055218E+01  3.440000000000E+01  3.405012406169E+00  0.000000000000E+00 -1.505739199748E+00 -1.111745688550E+00 -9.195776527398E+00  3.762256975476E+02  1.168493119329E+04
  1.084839762643E+01  3.450000000000E+01  3.405012406169E+00  0.000000000000E+00 -1.505739199748E+00 -1.108469932148E+00 -9.094037097018E+00  3.762256975476E+02  1.168493119329E+04
  1.087804470067E+01  3.460000000000E+01  3.405012406169E+00  0.000000000000E+00 -1.505739199748E+00 -1.105194175746E+00 -8.992297666638E+00  3.762256975476E+02  1.168493119329E+04
  1.090769177492E+01  3.470000000000E+01  3.405012406169E+00  0.000000000000E+00 -1.505739199748E+00 -1.101918419344E+00 -8.890558236259E+00  3.762256975476E+02  1.168493119329E+04
  1.093733884916E+01  3.480000000000E+01  3.405012406169E+00  0.000000000000E+00 -1.505739199748E+00 -1.098642662942E+00 -8.788818805879E+00  3.762256975476E+02  1.168493119329E+04
  1.096698592341E+01  3.490000000000E+01  3.405012406169E+00  0.000000000000E+00 -1.505739199748E+00 -1.095366906540E+00 -8.687079375499E+00  3.762256975476E+02  1.168493119329E+04
  1.099663299765E+01  3.500000000000E+01  3.405012406169E+00  0.000000000000E+00 -1.505739199748E+00 -1.092091150138E+00 -8.585339945120E+00  3.762256975476E+02  1.168493119329E+04
  1.102628007190E+01  3.510000000000E+01  3.405012406169E+00  0.000000000000E+00 -1.505739199748E+00 -1.088815393736E+00 -8.483600514740E+00  3.762256975476E+02  1.168493119329E+04
  1.105592714614E+01  3.520000000000E+01  3.405012406169E+00  0.000000000000E+00 -1.505739199748E+00 -1.085539637334E+00 -8.381861084361E+00  3.762256975476E+02  1.168493119329E+04
  1.108557422039E+01  3.530000000000E+01  3.405012406169E+00  0.000000000000E+00 -1.505739199748E+00 -1.082263880932E+00 -8.280121653981E+00  3.762256975476E+02  1.168493119329E+04
  1.111522129463E+01  3.540000000000E+01  3.405012406169E+00  0.000000000000E+00 -1.505739199748E+00 -1.078988124530E+00 -8.178382223601E+00  3.762256975476E+02  1.168493119329E+04
  1.114486836888E+01  3.550000000000E+01  3.405012406169E+00  0.000000000000E+00 -1.505739199748E+00 -1.075712368129E+00 -8.076642793222E+00  3.762256975476E+02  1.168493119329E+04
  1.117451544312E+01  3.560000000000E+01  3.405012406169E+00  0.000000000000E+00 -1.505739199748E+00 -1.072436611727E+00 -7.974903362842E+00  3.762256975476E+02  1.168493119329E+04
  1.120416251737E+01  3.570000000000E+01  3.405012406169E+00  0.000000000000E+00 -1.505739199748E+00 -1.069160855325E+00 -7.873163932462E+00  3.762256975476E+02  1.168493119329E+04
  1.123380959162E+01  3.580000000000E+01  3.405012406169E+00  0.000000000000E+00 -1.505739199748E+00 -1.065885098923E+00 -7.771424502083E+00  3.762256975476E+02  1.168493119329E+04
  1.126345667135E+01  3.590000000000E+01  3.405093745591E+00  2.714678671682E-03 -1.505739199748E+00 -1.062603772441E+00 -7.669645321121E+00  3.780105006646E+02  1.169786069558E+04
  1.129310377838E+01  3.600000000000E+01  3.405314740709E+00  7.375340557976E-03 -1.505739199748E+00 -1.059295351813E+00 -7.567674121135E+00  3.825269937742E+02  1.173027338145E+04
  1.132275095397E+01  3.610000000000E+01  3.405878923972E+00  1.882622617296E-02 -1.505739199748E+00 -1.055931630201E+00 -7.465316479463E+00  3.911554916578E+02  1.179156265403E+04
  1.135239830777E+01  3.620000000000E+01  3.407338905934E+00  4.871402102714E-02 -1.505739199748E+00 -1.052461665251E+00 -7.362229894645E+00  4.085183352999E+02  1.191358389446E+04
  1.138204611280E+01  3.630000000000E+01  3.410938464170E+00  1.201021538258E-01 -1.505739199748E+00 -1.048757324125E+00 -7.257560256293E+00  4.493060200106E+02  1.219714961746E+04
  1.141169495607E+01  3.640000000000E+01  3.418725207375E+00  2.598104142046E-01 -1.505739199748E+00 -1.044517444109E+00 -7.149314541868E+00  5.344826104510E+02  1.278309801829E+04
  1.144134579053E+01  3.650000000000E+01  3.432315232321E+00  4.534086819197E-01 -1.505739199748E+00 -1.039428322345E+00 -7.035498936614E+00  6.403188027660E+02  1.350352545658E+04
  1.147099967694E+01  3.660000000000E+01  3.451346444603E+00  6.348896699004E-01 -1.505739199748E+00 -1.033530734875E+00 -6.916578780662E+00  7.233054788126E+02  1.406226569846E+04
  1.150065743619E+01  3.670000000000E+01  3.474221252620E+00  7.630697961249E-01 -1.505739199748E+00 -1.027094902811E+00 -6.794526746402E+00  7.745495468746E+02  1.440342269854E+04
  1.153031954919E+01  3.680000000000E+01  3.499363986707E+00  8.386959354073E-01 -1.505739199748E+00 -1.020380878817E+00 -6.671169848314E+00  8.005375603536E+02  1.457446601428E+04
  1.155998622609E+01  3.690000000000E+01  3.525665914392E+00  8.773481712538E-01 -1.505739199748E+00 -1.013565753641E+00 -6.547721678788E+00  8.114788308932E+02  1.464564275143E+04
  1.158965751061E+01  3.700000000000E+01  3.552487488494E+00  8.946746181904E-01 -1.505739199748E+00 -1.006744359180E+00 -6.424816920567E+00  8.149082361764E+02  1.466769641051E+04
  1.161933335751E+01  3.710000000000E+01  3.579464565507E+00  8.998577043024E-01 -1.505739199748E+00 -9.999635133275E-01 -6.302757638298E+00  8.140676516386E+02  1.466239048998E+04
  1.164901367082E+01  3.720000000000E+01  3.606327417666E+00  8.960439169928E-01 -1.505739199748E+00 -9.932560151121E-01 -6.181743195717E+00  8.090864066166E+02  1.463122152452E+04
  1.167869830998E+01  3.730000000000E+01  3.632721506280E+00  8.804026826072E-01 -1.505739199748E+00 -9.866595737886E-01 -6.061991892723E+00  7.982821826066E+02  1.456446063176E+04
  1.170838706364E+01  3.740000000000E+01  3.657971757525E+00  8.422389130598E-01 -1.505739199748E+00 -9.802376968099E-01 -5.943863902723E+00  7.759913407055E+02  1.442851195554E+04
  1.173807958037E+01  3.750000000000E+01  3.680706847003E+00  7.583218667337E-01 -1.505739199748E+00 -9.741284355508E-01 -5.828139946581E+00  7.278565476008E+02  1.413882786762E+04
  1.176777524990E+01  3.760000000000E+01  3.698656097078E+00  5.986516569496E-01 -1.505739199748E+00 -9.686141431895E-01 -5.716403159225E+00  6.354428730210E+02  1.358996488433E+04
  1.179747315360E+01  3.770000000000E+01  3.710007561673E+00  3.785655929313E-01 -1.505739199748E+00 -9.639698648660E-01 -5.610107271225E+00  5.256759899303E+02  1.294654911122E+04
  1.182717231443E+01  3.780000000000E+01  3.715652402833E+00  1.882422375184E-01 -1.505739199748E+00 -9.600903914597E-01 -5.508440909122E+00  4.520388669085E+02  1.252071043017E+04
  1.185687205235E+01  3.790000000000E+01  3.718055340145E+00  8.013122951545E-02 -1.505739199748E+00 -9.566360860908E-01 -5.409298574687E+00  4.175494515001E+02  1.232405318761E+04
  1.188657202706E+01  3.800000000000E+01  3.719012513979E+00  3.191937235304E-02 -1.505739199748E+00 -9.533645147723E-01 -5.311224856031E+00  4.039091284243E+02  1.224739998981E+04
  1.191627209479E+01  3.810000000000E+01  3.719385094378E+00  1.242490274169E-02 -1.505739199748E+00 -9.501623708922E-01 -5.213551905997E+00  3.989344103496E+02  1.221985836953E+04
  1.194597219850E+01  3.820000000000E+01  3.719528737117E+00  4.790353951495E-03 -1.505739199748E+00 -9.469850681151E-01 -5.116020678209E+00  3.971838263509E+02  1.221031397722E+04
  1.197567231603E+01  3.830000000000E+01  3.719583954721E+00  1.841475005835E-03 -1.505739199748E+00 -9.438166193881E-01 -5.018539359787E+00  3.965308186196E+02  1.220680970083E+04
  1.200537243919E+01  3.840000000000E+01  3.719600287731E+00  5.402594145062E-04 -1.505739199748E+00 -9.406820116986E-01 -4.921237450580E+00  3.886836311985E+02  1.216541684094E+04
  1.203507256369E+01  3.850000000000E+01  3.719600287731E+00  0.000000000000E+00 -1.505739199748E+00 -9.375784652575E-01 -4.824099487694E+00  3.886836311985E+02  1.216541684094E+04
  1.206477268818E+01  3.860000000000E+01  3.719600287731E+00  0.000000000000E+00 -1.505739199748E+00 -9.344749188164E-01 -4.726961524809E+00  3.886836311985E+02  1.216541684094E+04
  1.209447281267E+01  3.870000000000E+01  3.719600287731E+00  0.000000000000E+00 -1.505739199748E+00 -9.313713723752E-01 -4.629823561924E+00  3.886836311985E+02  1.216541684094E+04
  1.212417293717E+01  3.880000000000E+01  3.719600287731E+00  0.000000000000E+00 -1.505739199748E+00 -9.282678259341E-01 -4.532685599038E+00  3.886836311985E+02  1.216541684094E+04
  1.215387306166E+01  3.890000000000E+01  3.719600287731E+00  0.000000000000E+00 -1.505739199748E+00 -9.251642794930E-01 -4.435547636153E+00  3.886836311985E+02  1.216541684094E+04
  1.218357318616E+01  3.900000000000E+01  3.719600287731E+00  0.000000000000E+00 -1.505739199748E+00 -9.220607330519E-01 -4.338409673267E+00  3.886836311985E+02  1.216541684094E+04
  1.221327331065E+01  3.910000000000E+01  3.719600287731E+00  0.000000000000E+00 -1.505739199748E+00 -9.189571866107E-01 -4.241271710382E+00  3.886836311985E+02  1.216541684094E+04
  1.224297343514E+01  3.920000000000E+01  3.719600287731E+00  0.000000000000E+00 -1.505739199748E+00 -9.158536401696E-01 -4.144133747497E+00  3.886836311985E+02  1.216541684094E+04
  1.227267355964E+01  3.930000000000E+01  3.719600287731E+00  0.000000000000E+00 -1.505739199748E+00 -9.127500937285E-01 -4.046995784611E+00  3.886836311985E+02  1.216541684094E+04
  1.230237368413E+01  3.940000000000E+01  3.719600287731E+00  0.000000000000E+00 -1.505739199748E+00 -9.096465472874E-01 -3.949857821726E+00  3.886836311985E+02  1.216541684094E+04
  1.233207380863E+01  3.950000000000E+01  3.719600287731E+00  0.000000000000E+00 -1.505739199748E+00 -9.065430008462E-01 -3.852719858841E+00  3.886836311985E+02  1.216541684094E+04
  1.236177393312E+01  3.960000000000E+01  3.719600287731E+00  0.000000000000E+00 -1.505739199748E+00 -9.034394544051E-01 -3.755581895955E+00  3.886836311985E+02  1.216541684094E+04
  1.239147405761E+01  3.970000000000E+01  3.719600287731E+00  0.000000000000E+00 -1.505739199748E+00 -9.003359079640E-01 -3.658443933070E+00  3.886836311985E+02  1.216541684094E+04
  1.242117418211E+01  3.980000000000E+01  3.719600287731E+00  0.000000000000E+00 -1.505739199748E+00 -8.972323615228E-01 -3.561305970184E+00  3.886836311985E+02  1.216541684094E+04
  1.245087430660E+01  3.990000000000E+01  3.719600287731E+00  0.000000000000E+00 -1.505739199748E+00 -8.941288150817E-01 -3.464168007299E+00  3.886836311985E+02  1.216541684094E+04
  1.248057443110E+01  4.000000000000E+01  3.719600287731E+00  0.000000000000E+00 -1.505739199748E+00 -8.910252686406E-01 -3.367030044414E+00  3.886836311985E+02  1.216541684094E+04
  1.251027455559E+01  4.010000000000E+01  3.719600287731E+00  0.000000000000E+00 -1.505739199748E+00 -8.879217221995E-01 -3.269892081528E+00  3.886836311985E+02  1.216541684094E+04
  1.253997468008E+01  4.020000000000E+01  3.719600287731E+00  0.000000000000E+00 -1.505739199748E+00 -8.848181757583E-01 -3.172754118643E+00  3.886836311985E+02  1.216541684094E+04
  1.256967480458E+01  4.030000000000E+01  3.719600287731E+00  0.000000000000E+00 -1.505739199748E+00 -8.817146293172E-01 -3.075616155758E+00  3.886836311985E+02  1.216541684094E+04
  1.259937492907E+01  4.040000000000E+01  3.719600287731E+00  0.000000000000E+00 -1.505739199748E+00 -8.786110828761E-01 -2.978478192872E+00  3.886836311985E+02  1.216541684094E+04
  1.262907505357E+01  4.050000000000E+01  3.719614565054E+00  4.763012654840E-04 -1.505739199748E+00 -8.755075364350E-01 -2.881340229987E+00  3.888519295731E+02  1.216597071953E+04
  1.265877518881E+01  4.060000000000E+01  3.719753438006E+00  4.632894551684E-03 -1.505739199748E+00 -8.723971060883E-01 -2.784181501262E+00  3.905111114610E+02  1.217133583242E+04
  1.268847535769E+01  4.070000000000E+01  3.720106654661E+00  1.178352135080E-02 -1.505739199748E+00 -8.692648994344E-01 -2.686958877891E+00  3.947936942224E+02  1.218475377737E+04
  1.271817561274E+01  4.080000000000E+01  3.721011746170E+00  3.019440678823E-02 -1.505739199748E+00 -8.660753122142E-01 -2.589573347719E+00  4.061052634593E+02  1.221905712529E+04
  1.274787608604E+01  4.090000000000E+01  3.723274754132E+00  7.549502433999E-02 -1.505739199748E+00 -8.627385809022E-01 -2.491784524877E+00  4.341541417686E+02  1.230129632608E+04
  1.277757708472E+01  4.100000000000E+01  3.728523200547E+00  1.750881753283E-01 -1.505739199748E+00 -8.590676387726E-01 -2.393117878201E+00  4.924754944221E+02  1.246646462045E+04
  1.280727920051E+01  4.110000000000E+01  3.738867565454E+00  3.450781995733E-01 -1.505739199748E+00 -8.548200242668E-01 -2.293026448175E+00  5.774010613043E+02  1.269855647479E+04
  1.283698324980E+01  4.120000000000E+01  3.755114483273E+00  5.419643287301E-01 -1.505739199748E+00 -8.499144285530E-01 -2.191478704363E+00  6.567886905888E+02  1.290756157486E+04
  1.286668999316E+01  4.130000000000E+01  3.776133040366E+00  7.011209015032E-01 -1.505739199748E+00 -8.445004085339E-01 -2.089051524573E+00  7.113480991044E+02  1.304561496102E+04
  1.289639994456E+01  4.140000000000E+01  3.800231471128E+00  8.038467176409E-01 -1.505739199748E+00 -8.387866413760E-01 -1.986403346688E+00  7.423316275309E+02  1.312080306481E+04
  1.292611337251E+01  4.150000000000E+01  3.826021293751E+00  8.602604134492E-01 -1.505739199748E+00 -8.329353698898E-01 -1.884002156307E+00  7.574652383244E+02  1.315594322873E+04
  1.295583037482E+01  4.160000000000E+01  3.852623621210E+00  8.873600293839E-01 -1.505739199748E+00 -8.270429568057E-01 -1.782105746970E+00  7.640973109852E+02  1.317064176013E+04
  1.298555095255E+01  4.170000000000E+01  3.879549772296E+00  8.981602935975E-01 -1.505739199748E+00 -8.211585136436E-01 -1.680833452289E+00  7.661931975707E+02  1.317507798108E+04
  1.301527505511E+01  4.180000000000E+01  3.906499239866E+00  8.989371360366E-01 -1.505739199748E+00 -8.153113243448E-01 -1.580244363944E+00  7.648585965301E+02  1.317245015537E+04
  1.304500259682E+01  4.190000000000E+01  3.933181432048E+00  8.900207743768E-01 -1.505739199748E+00 -8.095284897228E-01 -1.480380442843E+00  7.592596962522E+02  1.316195493542E+04
  1.307473344990E+01  4.200000000000E+01  3.959125910732E+00  8.654115380343E-01 -1.505739199748E+00 -8.038526958231E-01 -1.381297900165E+00  7.455009416680E+02  1.313765972223E+04
  1.310446740967E+01  4.210000000000E+01  3.983388319591E+00  8.093003519916E-01 -1.505739199748E+00 -7.983719509988E-01 -1.283106075717E+00  7.145851466181E+02  1.308647285005E+04
  1.313420411902E+01  4.220000000000E+01  4.004154341493E+00  6.926681097109E-01 -1.505739199748E+00 -7.932590618369E-01 -1.186001091078E+00  6.529665282881E+02  1.299122050736E+04
  1.316394297696E+01  4.230000000000E+01  4.019049645875E+00  4.968385055258E-01 -1.505739199748E+00 -7.887430110189E-01 -1.090179229530E+00  5.636032985004E+02  1.286276122892E+04
  1.319368319969E+01  4.240000000000E+01  4.027396677762E+00  2.784152311551E-01 -1.505739199748E+00 -7.848821529505E-01 -9.955178134307E-01  4.863219584006E+02  1.276003849858E+04
  1.322342411056E+01  4.250000000000E+01  4.031194209663E+00  1.266663133485E-01 -1.505739199748E+00 -7.814681909177E-01 -9.015567991219E-01  4.441399297049E+02  1.270864475603E+04
  1.325316531677E+01  4.260000000000E+01  4.032744684397E+00  5.171608523399E-02 -1.505739199748E+00 -7.782688523114E-01 -8.079021953584E-01  4.260827803374E+02  1.268869674360E+04
  1.328290664084E+01  4.270000000000E+01  4.033352797521E+00  2.028370855095E-02 -1.505739199748E+00 -7.751569933852E-01 -7.143621379179E-01  4.190164071314E+02  1.268170677185E+04
  1.331264801076E+01  4.280000000000E+01  4.033588289030E+00  7.854893358037E-03 -1.505739199748E+00 -7.720789090014E-01 -6.208624927440E-01  4.163061155190E+02  1.267934271221E+04
  1.334238939841E+01  4.290000000000E+01  4.033679206098E+00  3.032579852034E-03 -1.505739199748E+00 -7.690138360108E-01 -5.273769105048E-01  4.152519176006E+02  1.267854757904E+04
  1.337213079290E+01  4.300000000000E+01  4.033714073103E+00  1.162966199640E-03 -1.505739199748E+00 -7.659538610007E-01 -4.338962206052E-01  4.141550899816E+02  1.267789753172E+04
  1.340187218948E+01  4.310000000000E+01  4.033717273715E+00  1.067155508086E-04 -1.505739199748E+00 -7.629055366466E-01 -3.404225859579E-01  4.134331263853E+02  1.267748855503E+04
  1.343161358605E+01  4.320000000000E+01  4.033717273715E+00  0.000000000000E+00 -1.505739199748E+00 -7.598572123009E-01 -2.469489513155E-01  4.134331263853E+02  1.267748855503E+04
  1.346135498263E+01  4.330000000000E+01  4.033717273715E+00  0.000000000000E+00 -1.505739199748E+00 -7.568088879552E-01 -1.534753166730E-01  4.134331263853E+02  1.267748855503E+04
  1.349109637920E+01  4.340000000000E+01  4.033717273715E+00  0.000000000000E+00 -1.505739199748E+00 -7.537605636095E-01 -6.000168203061E-02  4.134331263853E+02  1.267748855503E+04
  1.352083777578E+01  4.350000000000E+01  4.033717273715E+00  0.000000000000E+00 -1.505739199748E+00 -7.507122392638E-01  3.347195261182E-02  4.134331263853E+02  1.267748855503E+04
  1.355057917235E+01  4.360000000000E+01  4.033717273715E+00  0.000000000000E+00 -1.505739199748E+00 -7.476639149181E-01  1.269455872543E-01  4.134331263853E+02  1.267748855503E+04
  1.358032056893E+01  4.370000000000E+01  4.033717273715E+00  0.000000000000E+00 -1.505739199748E+00 -7.446155905723E-01  2.204192218967E-01  4.134331263853E+02  1.267748855503E+04
  1.361006196551E+01  4.380000000000E+01  4.033717273715E+00  0.000000000000E+00 -1.505739199748E+00 -7.415672662266E-01  3.138928565391E-01  4.134331263853E+02  1.267748855503E+04
  1.363980336208E+01  4.390000000000E+01  4.033717273715E+00  0.000000000000E+00 -1.505739199748E+00 -7.385189418809E-01  4.073664911816E-01  4.134331263853E+02  1.267748855503E+04
  1.366954475866E+01  4.400000000000E+01  4.033717273715E+00  0.000000000000E+00 -1.505739199748E+00 -7.354706175352E-01  5.008401258240E-01  4.134331263853E+02  1.267748855503E+04
  1.369928615523E+01  4.410000000000E+01  4.033717273715E+00  0.000000000000E+00 -1.505739199748E+00 -7.324222931895E-01  5.943137604664E-01  4.134331263853E+02  1.267748855503E+04
  1.372902755181E+01  4.420000000000E+01  4.033717273715E+00  0.000000000000E+00 -1.505739199748E+00 -7.293739688438E-01  6.877873951089E-01  4.134331263853E+02  1.267748855503E+04
  1.375876894838E+01  4.430000000000E+01  4.033717273715E+00  0.000000000000E+00 -1.505739199748E+00 -7.263256444980E-01  7.812610297513E-01  4.134331263853E+02  1.267748855503E+04
  1.378851034496E+01  4.440000000000E+01  4.033717273715E+00  0.000000000000E+00 -1.505739199748E+00 -7.232773201523E-01  8.747346643937E-01  4.134331263853E+02  1.267748855503E+04
  1.381825174153E+01  4.450000000000E+01  4.033717273715E+00  0.000000000000E+00 -1.505739199748E+00 -7.202289958066E-01  9.682082990362E-01  4.134331263853E+02  1.267748855503E+04
  1.384799313811E+01  4.460000000000E+01  4.033717273715E+00  0.000000000000E+00 -1.505739199748E+00 -7.171806714609E-01  1.061681933679E+00  4.134331263853E+02  1.267748855503E+04
  1.387773453468E+01  4.470000000000E+01  4.033717273715E+00  0.000000000000E+00 -1.505739199748E+00 -7.141323471152E-01  1.155155568321E+00  4.134331263853E+02  1.267748855503E+04
  1.390747593126E+01  4.480000000000E+01  4.033717273715E+00  0.000000000000E+00 -1.505739199748E+00 -7.110840227695E-01  1.248629202963E+00  4.134331263853E+02  1.267748855503E+04
  1.393721732783E+01  4.490000000000E+01  4.033717273715E+00  0.000000000000E+00 -1.505739199748E+00 -7.080356984238E-01  1.342102837606E+00  4.134331263853E+02  1.267748855503E+04
  1.396695872441E+01  4.500000000000E+01  4.033717273715E+00  0.000000000000E+00 -1.505739199748E+00 -7.049873740780E-01  1.435576472248E+00  4.134331263853E+02  1.267748855503E+04
  1.399670012098E+01  4.510000000000E+01  4.033717273715E+00  0.000000000000E+00 -1.505739199748E+00 -7.019390497323E-01  1.529050106891E+00  4.134331263853E+02  1.267748855503E+04
  1.402644152096E+01  4.520000000000E+01  4.033798145188E+00  2.697386225841E-03 -1.505739199748E+00 -6.988885439189E-01  1.622518121740E+00  4.142682665386E+02  1.267559261470E+04
  1.405618293810E+01  4.530000000000E+01  4.034022659029E+00  7.488403233104E-03 -1.505739199748E+00 -6.958269558637E-01  1.715956575950E+00  4.165734198778E+02  1.267005002057E+04
  1.408592439883E+01  4.540000000000E+01  4.034598445617E+00  1.920467200970E-02 -1.505739199748E+00 -6.927380976828E-01  1.809318019959E+00  4.222831043860E+02  1.265548962249E+04
  1.411566597111E+01  4.550000000000E+01  4.036063123589E+00  4.885241883492E-02 -1.505739199748E+00 -6.895806044150E-01  1.902475093295E+00  4.366708696455E+02  1.261669590675E+04
  1.414540782083E+01  4.560000000000E+01  4.039622674530E+00  1.187243029223E-01 -1.505739199748E+00 -6.862570647703E-01  1.995111717710E+00  4.697994110210E+02  1.252254060626E+04
  1.417515030415E+01  4.570000000000E+01  4.047308717816E+00  2.563613616096E-01 -1.505739199748E+00 -6.825973518293E-01  2.086630574600E+00  5.289570890546E+02  1.234585259458E+04
  1.420489400460E+01  4.580000000000E+01  4.060797981095E+00  4.499328960978E-01 -1.505739199748E+00 -6.784607503917E-01  2.176427399813E+00  5.977157879411E+02  1.213054592131E+04
  1.423463957324E+01  4.590000000000E+01  4.079764053781E+00  6.326238776561E-01 -1.505739199748E+00 -6.738830420833E-01  2.264405074692E+00  6.516049377996E+02  1.195383504077E+04
  1.426438751509E+01  4.600000000000E+01  4.102606892450E+00  7.619448121323E-01 -1.505739199748E+00 -6.690113283742E-01  2.350875118951E+00  6.851851776736E+02  1.183866265309E+04
  1.429413812913E+01  4.610000000000E+01  4.127737320191E+00  8.382553139526E-01 -1.505739199748E+00 -6.639862922423E-01  2.436211942648E+00  7.028184243780E+02  1.177549845915E+04
  1.432389155053E+01  4.620000000000E+01  4.154035183043E+00  8.771996888493E-01 -1.505739199748E+00 -6.589032752802E-01  2.520701334790E+00  7.108567891337E+02  1.174546679264E+04
  1.435364781357E+01  4.630000000000E+01  4.180852907889E+00  8.945420237238E-01 -1.505739199748E+00 -6.538147879255E-01  2.604517266659E+00  7.138301797105E+02  1.173390585363E+04
  1.438340689836E+01  4.640000000000E+01  4.207824435463E+00  8.996733661485E-01 -1.505739199748E+00 -6.487488383855E-01  2.687765332433E+00  7.137230471899E+02  1.173437805502E+04
  1.441316875332E+01  4.650000000000E+01  4.234675679985E+00  8.956622526702E-01 -1.505739199748E+00 -6.437257090673E-01  2.770535882184E+00  7.105917809088E+02  1.174764975617E+04
  1.444293329805E+01  4.660000000000E+01  4.261048991641E+00  8.797219138676E-01 -1.505739199748E+00 -6.387702813891E-01  2.852953094671E+00  7.028207478038E+02  1.178180918715E+04
  1.447270040641E+01  4.670000000000E+01  4.286266709393E+00  8.411790646536E-01 -1.505739199748E+00 -6.339259948439E-01  2.935244303753E+00  6.861092247024E+02  1.185798669259E+04
  1.450246986128E+01  4.680000000000E+01  4.308953386011E+00  7.567602260835E-01 -1.505739199748E+00 -6.292792042779E-01  3.017874072325E+00  6.516930526550E+02  1.202050952420E+04
  1.453224127736E+01  4.690000000000E+01  4.326820109327E+00  5.959965240061E-01 -1.505739199748E+00 -6.249823876483E-01  3.101696707160E+00  5.906305791942E+02  1.231879094358E+04
  1.456201407150E+01  4.700000000000E+01  4.338057886324E+00  3.748852033597E-01 -1.505739199748E+00 -6.211720972946E-01  3.187586367302E+00  5.200297666289E+02  1.267498090611E+04
  1.459178763229E+01  4.710000000000E+01  4.343615373057E+00  1.854016766538E-01 -1.505739199748E+00 -6.177848137554E-01  3.275445077501E+00  4.726455236366E+02  1.292174808134E+04
  1.462156154212E+01  4.720000000000E+01  4.345971708012E+00  7.861064823642E-02 -1.505739199748E+00 -6.146329584519E-01  3.364456587260E+00  4.504396787138E+02  1.304111552067E+04
  1.465133559455E+01  4.730000000000E+01  4.346907778391E+00  3.122890348335E-02 -1.505739199748E+00 -6.115829694807E-01  3.453985959065E+00  4.414605656194E+02  1.309092299397E+04
  1.468110970291E+01  4.740000000000E+01  4.347271645845E+00  1.213927816954E-02 -1.505739199748E+00 -6.085730375947E-01  3.543725824548E+00  4.380193030439E+02  1.311061013792E+04
  1.471088383293E+01  4.750000000000E+01  4.347412197334E+00  4.689048817848E-03 -1.505739199748E+00 -6.055782508897E-01  3.633547754097E+00  4.367380139706E+02  1.311816550647E+04
  1.474065797130E+01  4.760000000000E+01  4.347466430427E+00  1.809305862143E-03 -1.505739199748E+00 -6.025890563596E-01  3.723400864925E+00  4.362699798369E+02  1.312100850215E+04
  1.477043211145E+01  4.770000000000E+01  4.347459187834E+00 -2.392197940510E-04 -1.505739199748E+00 -5.996142664406E-01  3.813343499529E+00  4.325022025609E+02  1.314462502091E+04
  1.480020625078E+01  4.780000000000E+01  4.347459187834E+00  0.000000000000E+00 -1.505739199748E+00 -5.966522188904E-01  3.903366172504E+00  4.325022025609E+02  1.314462502091E+04
  1.482998039010E+01  4.790000000000E+01  4.347459187834E+00  0.000000000000E+00 -1.505739199748E+00 -5.936901713401E-01  3.993388845480E+00  4.325022025609E+02  1.314462502091E+04
  1.485975452943E+01  4.800000000000E+01  4.347459187834E+00  0.000000000000E+00 -1.505739199748E+00 -5.907281237898E-01  4.083411518456E+00  4.325022025609E+02  1.314462502091E+04
  1.488952866875E+01  4.810000000000E+01  4.347459187834E+00  0.000000000000E+00 -1.505739199748E+00 -5.877660762396E-01  4.173434191431E+00  4.325022025609E+02  1.314462502091E+04
  1.491930280808E+01  4.820000000000E+01  4.347459187834E+00  0.000000000000E+00 -1.505739199748E+00 -5.848040286893E-01  4.263456864407E+00  4.325022025609E+02  1.314462502091E+04
  1.494907694740E+01  4.830000000000E+01  4.347459187834E+00  0.000000000000E+00 -1.505739199748E+00 -5.818419811390E-01  4.353479537383E+00  4.325022025609E+02  1.314462502091E+04
  1.497885108673E+01  4.840000000000E+01  4.347459187834E+00  0.000000000000E+00 -1.505739199748E+00 -5.788799335887E-01  4.443502210358E+00  4.325022025609E+02  1.314462502091E+04
  1.500000000000E+01  4.847103114902E+01  4.347459187834E+00  0.000000000000E+00 -1.505739199748E+00 -5.767759571792E-01  4.507446349354E+00  4.325022025609E+02  1.314462502091E+04
